/* This file was automatically generated by CasADi.
   The CasADi copyright holders make no ownership claim of its contents. */
/* How to prefix internal symbols */
#ifdef CASADI_CODEGEN_PREFIX
  #define CASADI_NAMESPACE_CONCAT(NS, ID) _CASADI_NAMESPACE_CONCAT(NS, ID)
  #define _CASADI_NAMESPACE_CONCAT(NS, ID) NS ## ID
  #define CASADI_PREFIX(ID) CASADI_NAMESPACE_CONCAT(CODEGEN_PREFIX, ID)
#else
  #define CASADI_PREFIX(ID) Generated_CoMAM1_ ## ID
#endif

#include <math.h>
#include <stdio.h>
#include <string.h>
#ifdef MATLAB_MEX_FILE
#include <mex.h>
#endif

#ifndef casadi_real
#define casadi_real double
#endif

#ifndef casadi_int
#define casadi_int long long int
#endif

/* Add prefix to internal symbols */
#define casadi_c0 CASADI_PREFIX(c0)
#define casadi_c1 CASADI_PREFIX(c1)
#define casadi_c10 CASADI_PREFIX(c10)
#define casadi_c11 CASADI_PREFIX(c11)
#define casadi_c12 CASADI_PREFIX(c12)
#define casadi_c13 CASADI_PREFIX(c13)
#define casadi_c14 CASADI_PREFIX(c14)
#define casadi_c15 CASADI_PREFIX(c15)
#define casadi_c16 CASADI_PREFIX(c16)
#define casadi_c17 CASADI_PREFIX(c17)
#define casadi_c18 CASADI_PREFIX(c18)
#define casadi_c19 CASADI_PREFIX(c19)
#define casadi_c2 CASADI_PREFIX(c2)
#define casadi_c20 CASADI_PREFIX(c20)
#define casadi_c21 CASADI_PREFIX(c21)
#define casadi_c22 CASADI_PREFIX(c22)
#define casadi_c23 CASADI_PREFIX(c23)
#define casadi_c24 CASADI_PREFIX(c24)
#define casadi_c25 CASADI_PREFIX(c25)
#define casadi_c26 CASADI_PREFIX(c26)
#define casadi_c27 CASADI_PREFIX(c27)
#define casadi_c28 CASADI_PREFIX(c28)
#define casadi_c29 CASADI_PREFIX(c29)
#define casadi_c3 CASADI_PREFIX(c3)
#define casadi_c30 CASADI_PREFIX(c30)
#define casadi_c31 CASADI_PREFIX(c31)
#define casadi_c32 CASADI_PREFIX(c32)
#define casadi_c33 CASADI_PREFIX(c33)
#define casadi_c34 CASADI_PREFIX(c34)
#define casadi_c35 CASADI_PREFIX(c35)
#define casadi_c36 CASADI_PREFIX(c36)
#define casadi_c37 CASADI_PREFIX(c37)
#define casadi_c38 CASADI_PREFIX(c38)
#define casadi_c39 CASADI_PREFIX(c39)
#define casadi_c4 CASADI_PREFIX(c4)
#define casadi_c40 CASADI_PREFIX(c40)
#define casadi_c41 CASADI_PREFIX(c41)
#define casadi_c42 CASADI_PREFIX(c42)
#define casadi_c43 CASADI_PREFIX(c43)
#define casadi_c44 CASADI_PREFIX(c44)
#define casadi_c45 CASADI_PREFIX(c45)
#define casadi_c46 CASADI_PREFIX(c46)
#define casadi_c47 CASADI_PREFIX(c47)
#define casadi_c48 CASADI_PREFIX(c48)
#define casadi_c49 CASADI_PREFIX(c49)
#define casadi_c5 CASADI_PREFIX(c5)
#define casadi_c50 CASADI_PREFIX(c50)
#define casadi_c51 CASADI_PREFIX(c51)
#define casadi_c52 CASADI_PREFIX(c52)
#define casadi_c53 CASADI_PREFIX(c53)
#define casadi_c54 CASADI_PREFIX(c54)
#define casadi_c55 CASADI_PREFIX(c55)
#define casadi_c56 CASADI_PREFIX(c56)
#define casadi_c57 CASADI_PREFIX(c57)
#define casadi_c58 CASADI_PREFIX(c58)
#define casadi_c59 CASADI_PREFIX(c59)
#define casadi_c6 CASADI_PREFIX(c6)
#define casadi_c60 CASADI_PREFIX(c60)
#define casadi_c61 CASADI_PREFIX(c61)
#define casadi_c62 CASADI_PREFIX(c62)
#define casadi_c7 CASADI_PREFIX(c7)
#define casadi_c8 CASADI_PREFIX(c8)
#define casadi_c9 CASADI_PREFIX(c9)
#define casadi_clear CASADI_PREFIX(clear)
#define casadi_copy CASADI_PREFIX(copy)
#define casadi_f0 CASADI_PREFIX(f0)
#define casadi_fill CASADI_PREFIX(fill)
#define casadi_from_mex CASADI_PREFIX(from_mex)
#define casadi_s0 CASADI_PREFIX(s0)
#define casadi_s1 CASADI_PREFIX(s1)
#define casadi_to_mex CASADI_PREFIX(to_mex)

/* Symbol visibility in DLLs */
#ifndef CASADI_SYMBOL_EXPORT
  #if defined(_WIN32) || defined(__WIN32__) || defined(__CYGWIN__)
    #if defined(STATIC_LINKED)
      #define CASADI_SYMBOL_EXPORT
    #else
      #define CASADI_SYMBOL_EXPORT __declspec(dllexport)
    #endif
  #elif defined(__GNUC__) && defined(GCC_HASCLASSVISIBILITY)
    #define CASADI_SYMBOL_EXPORT __attribute__ ((visibility ("default")))
  #else
    #define CASADI_SYMBOL_EXPORT
  #endif
#endif

void casadi_clear(casadi_real* x, casadi_int n) {
  casadi_int i;
  if (x) {
    for (i=0; i<n; ++i) *x++ = 0;
  }
}

void casadi_copy(const casadi_real* x, casadi_int n, casadi_real* y) {
  casadi_int i;
  if (y) {
    if (x) {
      for (i=0; i<n; ++i) *y++ = *x++;
    } else {
      for (i=0; i<n; ++i) *y++ = 0.;
    }
  }
}

void casadi_fill(casadi_real* x, casadi_int n, casadi_real alpha) {
  casadi_int i;
  if (x) {
    for (i=0; i<n; ++i) *x++ = alpha;
  }
}

#ifdef MATLAB_MEX_FILE
casadi_real* casadi_from_mex(const mxArray* p, casadi_real* y, const casadi_int* sp, casadi_real* w) {
  casadi_int nrow, ncol, is_sparse, c, k, p_nrow, p_ncol;
  const casadi_int *colind, *row;
  mwIndex *Jc, *Ir;
  const double* p_data;
  if (!mxIsDouble(p) || mxGetNumberOfDimensions(p)!=2)
    mexErrMsgIdAndTxt("Casadi:RuntimeError",
      "\"from_mex\" failed: Not a two-dimensional matrix of double precision.");
  nrow = *sp++;
  ncol = *sp++;
  colind = sp;
  row = sp+ncol+1;
  p_nrow = mxGetM(p);
  p_ncol = mxGetN(p);
  is_sparse = mxIsSparse(p);
  Jc = 0;
  Ir = 0;
  if (is_sparse) {
    Jc = mxGetJc(p);
    Ir = mxGetIr(p);
  }
  p_data = (const double*)mxGetData(p);
  if (p_nrow==1 && p_ncol==1) {
    casadi_int nnz;
    double v = is_sparse && Jc[1]==0 ? 0 : *p_data;
    nnz = sp[ncol];
    casadi_fill(y, nnz, v);
  } else {
    casadi_int tr = 0;
    if (nrow!=p_nrow || ncol!=p_ncol) {
      tr = nrow==p_ncol && ncol==p_nrow && (nrow==1 || ncol==1);
      if (!tr) mexErrMsgIdAndTxt("Casadi:RuntimeError",
                                 "\"from_mex\" failed: Dimension mismatch. "
                                 "Expected %d-by-%d, got %d-by-%d instead.",
                                 nrow, ncol, p_nrow, p_ncol);
    }
    if (is_sparse) {
      if (tr) {
        for (c=0; c<ncol; ++c)
          for (k=colind[c]; k<colind[c+1]; ++k) w[row[k]+c*nrow]=0;
        for (c=0; c<p_ncol; ++c)
          for (k=Jc[c]; k<(casadi_int) Jc[c+1]; ++k) w[c+Ir[k]*p_ncol] = p_data[k];
        for (c=0; c<ncol; ++c)
          for (k=colind[c]; k<colind[c+1]; ++k) y[k] = w[row[k]+c*nrow];
      } else {
        for (c=0; c<ncol; ++c) {
          for (k=colind[c]; k<colind[c+1]; ++k) w[row[k]]=0;
          for (k=Jc[c]; k<(casadi_int) Jc[c+1]; ++k) w[Ir[k]]=p_data[k];
          for (k=colind[c]; k<colind[c+1]; ++k) y[k]=w[row[k]];
        }
      }
    } else {
      for (c=0; c<ncol; ++c) {
        for (k=colind[c]; k<colind[c+1]; ++k) {
          y[k] = p_data[row[k]+c*nrow];
        }
      }
    }
  }
  return y;
}

#endif

#define casadi_to_double(x) (static_cast<double>(x))

#ifdef MATLAB_MEX_FILE
mxArray* casadi_to_mex(const casadi_int* sp, const casadi_real* x) {
  casadi_int nrow, ncol, c, k;
#ifndef CASADI_MEX_NO_SPARSE
  casadi_int nnz;
#endif
  const casadi_int *colind, *row;
  mxArray *p;
  double *d;
#ifndef CASADI_MEX_NO_SPARSE
  casadi_int i;
  mwIndex *j;
#endif /* CASADI_MEX_NO_SPARSE */
  nrow = *sp++;
  ncol = *sp++;
  colind = sp;
  row = sp+ncol+1;
#ifndef CASADI_MEX_NO_SPARSE
  nnz = sp[ncol];
  if (nnz!=nrow*ncol) {
    p = mxCreateSparse(nrow, ncol, nnz, mxREAL);
    for (i=0, j=mxGetJc(p); i<=ncol; ++i) *j++ = *colind++;
    for (i=0, j=mxGetIr(p); i<nnz; ++i) *j++ = *row++;
    if (x) {
      d = (double*)mxGetData(p);
      for (i=0; i<nnz; ++i) *d++ = casadi_to_double(*x++);
    }
    return p;
  }
#endif /* CASADI_MEX_NO_SPARSE */
  p = mxCreateDoubleMatrix(nrow, ncol, mxREAL);
  if (x) {
    d = (double*)mxGetData(p);
    for (c=0; c<ncol; ++c) {
      for (k=colind[c]; k<colind[c+1]; ++k) {
        d[row[k]+c*nrow] = casadi_to_double(*x++);
      }
    }
  }
  return p;
}

#endif

#ifndef CASADI_PRINTF
#ifdef MATLAB_MEX_FILE
  #define CASADI_PRINTF mexPrintf
#else
  #define CASADI_PRINTF printf
#endif
#endif

static const casadi_int casadi_s0[24] = {20, 1, 0, 20, 0, 1, 2, 3, 4, 5, 6, 7, 8, 9, 10, 11, 12, 13, 14, 15, 16, 17, 18, 19};
static const casadi_int casadi_s1[7] = {3, 1, 0, 3, 0, 1, 2};

static const casadi_real casadi_c0[36] = {1., 0., 0., 0., 0., 0., 0., 1., 0., 0., 0., 0., 0., 0., 1., 0., 0., 0., 0., 0., 0., 1., 0., 0., 0., 0., 0., 0., 1., 0., 0., 0., 0., 0., 0., 1.};
static const casadi_real casadi_c1[6] = {0., 0., 1., 0., 0., 0.};
static const casadi_real casadi_c2[6] = {0., 0., 0., 0., 0., 1.};
static const casadi_real casadi_c3[6] = {0., 1., 0., 0., 0., 0.};
static const casadi_real casadi_c4[6] = {0., 0., 0., 0., 1., 0.};
static const casadi_real casadi_c5[6] = {1., 0., 0., 0., 0., 0.};
static const casadi_real casadi_c6[6] = {0., 0., 0., 1., 0., 0.};
static const casadi_real casadi_c7[36] = {9.4159869939279994e-002, -1.6830795879999995e-004, -1.5027678698000001e-002, 0., -2.9347529999999999e-001, 3.5741799999999997e-003, -1.6830795879999998e-004, 8.4070913021000004e-002, -5.1554245379999998e-004, 2.9347529999999999e-001, 0., -5.2331779999999994e-001, -1.5027678697999999e-002, -5.1554245379999998e-004, 1.1277251641428000e-001, -3.5741799999999997e-003, 5.2331779999999994e-001, 0., 0., 2.9347529999999999e-001, -3.5741799999999997e-003, 1.0330000000000000e+001, 0., 0., -2.9347529999999999e-001, 0., 5.2331779999999994e-001, 0., 1.0330000000000000e+001, 0., 3.5741799999999997e-003, -5.2331779999999994e-001, 0., 0., 0., 1.0330000000000000e+001};
static const casadi_real casadi_c8[36] = {0., 0., 1., 1.3500000000000001e-001, 0., 0., 0., 1., 0., 2.1000000000000001e-002, 0., 0., -1., 0., 0., 0., 2.1000000000000001e-002, 1.3500000000000001e-001, 0., 0., 0., 0., 0., 1., 0., 0., 0., 0., 1., 0., 0., 0., 0., -1., 0., 0.};
static const casadi_real casadi_c9[36] = {6.9995256880000002e-003, 3.9282600000000007e-006, -2.2849715280000003e-003, 0., 8.0589599999999997e-002, 1.8200000000000001e-004, 3.9282599999999999e-006, 7.9466100060000006e-003, 4.0689600000000009e-006, -8.0589599999999997e-002, 0., 3.2632600000000005e-002, -2.2849715279999998e-003, 4.0689600000000009e-006, 2.7201207180000001e-003, -1.8200000000000001e-004, -3.2632600000000005e-002, 0., 0., -8.0589599999999997e-002, -1.8200000000000001e-004, 1.8200000000000001e+000, 0., 0., 8.0589599999999997e-002, 0., -3.2632600000000005e-002, 0., 1.8200000000000001e+000, 0., 1.8200000000000001e-004, 3.2632600000000005e-002, 0., 0., 0., 1.8200000000000001e+000};
static const casadi_real casadi_c10[36] = {0., 0., -1., 0., 7.0000000000000007e-002, 0., 0., 1., 0., 0., 0., 7.0000000000000007e-002, 1., 0., 0., 0., 0., 0., 0., 0., 0., 0., 0., -1., 0., 0., 0., 0., 1., 0., 0., 0., 0., 1., 0., 0.};
static const casadi_real casadi_c11[36] = {3.8188229227589998e-003, 4.0000000000000001e-008, 2.4620000000000002e-007, 0., 4.0138367000000001e-002, 1.1710000000000001e-005, 4.0000000000000001e-008, 4.1788228056590000e-003, 4.2848367000000011e-007, -4.0138367000000001e-002, 0., 0., 2.4620000000000002e-007, 4.2848367000000006e-007, 8.4200011710000003e-004, -1.1710000000000001e-005, 0., 0., 0., -4.0138367000000001e-002, -1.1710000000000001e-005, 1.1710000000000000e+000, 0., 0., 4.0138367000000001e-002, 0., 0., 0., 1.1710000000000000e+000, 0., 1.1710000000000001e-005, 0., 0., 0., 0., 1.1710000000000000e+000};
static const casadi_real casadi_c12[36] = {0., 1., 0., 0., 0., -8.9999999999999997e-002, 0., 0., -1., 0., -8.9999999999999997e-002, 0., -1., 0., 0., 0., 0., 0., 0., 0., 0., 0., 1., 0., 0., 0., 0., 0., 0., -1., 0., 0., 0., -1., 0., 0.};
static const casadi_real casadi_c13[36] = {1.7976619472000001e-002, -2.8331096000000001e-004, -1.1696319552000000e-002, 0., -1.9767119999999999e-001, 2.7599999999999999e-004, -2.8331096000000001e-004, 5.6308519304000000e-002, -1.9053560000000001e-005, 1.9767119999999999e-001, 0., -3.2821919999999999e-001, -1.1696319552000000e-002, -1.9053560000000001e-005, 4.9772927432000000e-002, -2.7599999999999999e-004, 3.2821919999999999e-001, 0., 0., 1.9767119999999999e-001, -2.7599999999999999e-004, 5.5199999999999996e+000, 0., 0., -1.9767119999999999e-001, 0., 3.2821919999999999e-001, 0., 5.5199999999999996e+000, 0., 2.7599999999999999e-004, -3.2821919999999999e-001, 0., 0., 0., 5.5199999999999996e+000};
static const casadi_real casadi_c14[36] = {1., 0., 0., 0., 4.4999999999999997e-003, 0., 0., 1., 0., -4.4999999999999997e-003, 0., -1.2000000000000000e-001, 0., 0., 1., 0., 1.2000000000000000e-001, 0., 0., 0., 0., 1., 0., 0., 0., 0., 0., 0., 1., 0., 0., 0., 0., 0., 0., 1.};
static const casadi_real casadi_c15[36] = {2.1589905307058000e-003, -9.5640085800000009e-004, 2.8364785999999951e-006, 0., -1.6527618000000003e-003, 2.4302646000000001e-002, -9.5640085799999998e-004, 1.4379808734857999e-003, 7.3592907399999685e-007, 1.6527618000000003e-003, 0., -1.7429400000000001e-002, 2.8364785999999951e-006, 7.3592907399999008e-007, 3.3439620572199998e-003, -2.4302646000000001e-002, 1.7429400000000001e-002, 0., 0., 1.6527618000000003e-003, -2.4302646000000001e-002, 7.5780000000000003e-001, 0., 0., -1.6527618000000003e-003, 0., 1.7429400000000001e-002, 0., 7.5780000000000003e-001, 0., 2.4302646000000001e-002, -1.7429400000000001e-002, 0., 0., 0., 7.5780000000000003e-001};
static const casadi_real casadi_c16[36] = {1., 0., 0., 0., 0., 4.7409999999999994e-002, 0., 1., 0., 0., 0., -6.0679999999999998e-002, 0., 0., 1., -4.7409999999999994e-002, 6.0679999999999998e-002, 0., 0., 0., 0., 1., 0., 0., 0., 0., 0., 0., 1., 0., 0., 0., 0., 0., 0., 1.};
static const casadi_real casadi_c17[36] = {3.6020451183133001e-004, -3.3350219393999997e-004, -1.9648180200000550e-007, 0., 1.2249709999999998e-004, 6.7451300000000007e-004, -3.3350219393999997e-004, 3.4131511484934325e-002, 2.6319910989999995e-007, -1.2249709999999998e-004, 0., -1.0581025999999999e-001, -1.9648180200000550e-007, 2.6319910989999995e-007, 3.4111273984496995e-002, -6.7451300000000007e-004, 1.0581025999999999e-001, 0., 0., -1.2249709999999998e-004, -6.7451300000000007e-004, 5.7699999999999996e-001, 0., 0., 1.2249709999999998e-004, 0., 1.0581025999999999e-001, 0., 5.7699999999999996e-001, 0., 6.7451300000000007e-004, -1.0581025999999999e-001, 0., 0., 0., 5.7699999999999996e-001};
static const casadi_real casadi_c18[36] = {1., 0., 0., 0., 0., 2.0000000000000000e-002, 0., 1., 0., 0., 0., -4.3475999999999998e-001, 0., 0., 1., -2.0000000000000000e-002, 4.3475999999999998e-001, 0., 0., 0., 0., 1., 0., 0., 0., 0., 0., 0., 1., 0., 0., 0., 0., 0., 0., 1.};
static const casadi_real casadi_c19[36] = {1.1249986549999999e-003, 2.8780018376000000e-003, -6.3287433199999993e-005, 0., -1.0244200000000001e-003, -2.3913560000000000e-002, 2.8780018376000000e-003, 2.3137845861399997e-002, 3.6146763599999999e-005, 1.0244200000000001e-003, 0., -8.6379719999999993e-002, -6.3287433200000007e-005, 3.6146763599999999e-005, 2.3946780535999999e-002, 2.3913560000000000e-002, 8.6379719999999993e-002, 0., 0., 1.0244200000000001e-003, 2.3913560000000000e-002, 7.8200000000000003e-001, 0., 0., -1.0244200000000001e-003, 0., 8.6379719999999993e-002, 0., 7.8200000000000003e-001, 0., -2.3913560000000000e-002, -8.6379719999999993e-002, 0., 0., 0., 7.8200000000000003e-001};
static const casadi_real casadi_c20[36] = {1., 0., 0., 0., 0., -4.0000000000000001e-002, 0., 1., 0., 0., 0., -4.0799999999999997e-001, 0., 0., 1., 4.0000000000000001e-002, 4.0799999999999997e-001, 0., 0., 0., 0., 1., 0., 0., 0., 0., 0., 0., 1., 0., 0., 0., 0., 0., 0., 1.};
static const casadi_real casadi_c21[36] = {2.8700446600000003e-004, 9.8627771039999998e-005, -1.4594072800000001e-006, 0., -2.0972000000000002e-005, 4.1165040000000000e-003, 9.8627771039999998e-005, 1.7129858256000001e-004, -1.7631056000000004e-007, 2.0972000000000002e-005, 0., -7.1005199999999997e-004, -1.4594072800000001e-006, -1.7631056000000004e-007, 4.4909717639999999e-004, -4.1165040000000000e-003, 7.1005199999999997e-004, 0., 0., 2.0972000000000002e-005, -4.1165040000000000e-003, 1.4979999999999999e-001, 0., 0., -2.0972000000000002e-005, 0., 7.1005199999999997e-004, 0., 1.4979999999999999e-001, 0., 4.1165040000000000e-003, -7.1005199999999997e-004, 0., 0., 0., 1.4979999999999999e-001};
static const casadi_real casadi_c22[36] = {1., 0., 0., 0., 2.2749999999999999e-002, -3.4000000000000002e-002, 0., 1., 0., -2.2749999999999999e-002, 0., -5.8000000000000003e-002, 0., 0., 1., 3.4000000000000002e-002, 5.8000000000000003e-002, 0., 0., 0., 0., 1., 0., 0., 0., 0., 0., 0., 1., 0., 0., 0., 0., 0., 0., 1.};
static const casadi_real casadi_c23[36] = {2.7523947689999999e-005, -1.4533460000000000e-008, 2.6257030500000004e-006, 0., -2.7111500000000000e-004, 2.5220000000000002e-006, -1.4533460000000000e-008, 5.3268745140000001e-005, 5.4776999999999998e-009, 2.7111500000000000e-004, 0., -6.2167299999999989e-004, 2.6257030500000004e-006, 5.4776999999999998e-009, 6.6426898330000005e-005, -2.5220000000000002e-006, 6.2167299999999989e-004, 0., 0., 2.7111500000000000e-004, -2.5220000000000002e-006, 1.2609999999999999e-001, 0., 0., -2.7111500000000000e-004, 0., 6.2167299999999989e-004, 0., 1.2609999999999999e-001, 0., 2.5220000000000002e-006, -6.2167299999999989e-004, 0., 0., 0., 1.2609999999999999e-001};
static const casadi_real casadi_c24[36] = {1., 0., 0., 0., 0., 0., 0., 1., 0., 0., 0., 0., 0., 0., 1., 0., 0., 0., 0., 7.9100000000000004e-003, 0., 1., 0., 0., -7.9100000000000004e-003, 0., 5.5000000000000000e-002, 0., 1., 0., 0., -5.5000000000000000e-002, 0., 0., 0., 1.};
static const casadi_real casadi_c25[36] = {2.7790000000000000e-006, -2.3400000000000001e-008, 8.0999999999999997e-009, 0., 0., 0., -2.3400000000000001e-008, 5.5283454310399993e-003, 0., 0., 0., -2.1101312000000001e-002, 8.0999999999999997e-009, 0., 5.5293454310400003e-003, 0., 2.1101312000000001e-002, 0., 0., 0., 0., 1.1860000000000000e-001, 0., 0., 0., 0., 2.1101312000000001e-002, 0., 1.1860000000000000e-001, 0., 0., -2.1101312000000001e-002, 0., 0., 0., 1.1860000000000000e-001};
static const casadi_real casadi_c26[36] = {1., 0., 0., 0., -7.9100000000000004e-003, 0., 0., 1., 0., 7.9100000000000004e-003, 0., -5.5000000000000000e-002, 0., 0., 1., 0., 5.5000000000000000e-002, 0., 0., 0., 0., 1., 0., 0., 0., 0., 0., 0., 1., 0., 0., 0., 0., 0., 0., 1.};
static const casadi_real casadi_c27[36] = {-9.1210633148915243e-001, 4.0828533729076705e-001, -3.6947576520861017e-002, 0., 0., 0., -4.0991683875934032e-001, -9.0952134408412821e-001, 6.8841193750180218e-002, 0., 0., 0., -5.4977594481133134e-003, 7.7935922454061030e-002, 9.9694321133767960e-001, 0., 0., 0., 1.5058488760806444e-003, 3.7027307892029392e-004, -3.3082473610473007e-002, -9.1210633148915243e-001, 4.0828533729076705e-001, -3.6947576520861017e-002, -2.9426117533754110e-003, 1.2507182403483799e-003, -9.9753024122063196e-004, -4.0991683875934032e-001, -9.0952134408412821e-001, 6.8841193750180218e-002, -3.0424791786161885e-002, 1.2656267290567418e-002, -1.1571833174598206e-003, -5.4977594481133134e-003, 7.7935922454061030e-002, 9.9694321133767960e-001};
static const casadi_real casadi_c28[36] = {3.0199840000000001e-005, -1.5303199999999999e-005, 5.9999999999999997e-007, 0., 0., 2.7720000000000002e-004, -1.5303199999999999e-005, 1.0489960000000000e-003, -1.0000000000000001e-007, 0., 0., -1.0206000000000000e-002, 5.9999999999999997e-007, -1.0000000000000001e-007, 1.0279958400000000e-003, -2.7720000000000002e-004, 1.0206000000000000e-002, 0., 0., 0., -2.7720000000000002e-004, 1.2600000000000000e-001, 0., 0., 0., 0., 1.0206000000000000e-002, 0., 1.2600000000000000e-001, 0., 2.7720000000000002e-004, -1.0206000000000000e-002, 0., 0., 0., 1.2600000000000000e-001};
static const casadi_real casadi_c29[36] = {-9.1210633148915243e-001, -4.0991683875934032e-001, -5.4977594481133134e-003, 1.5058488760806444e-003, -2.9426117533754110e-003, -3.0424791786161885e-002, 4.0828533729076705e-001, -9.0952134408412821e-001, 7.7935922454061030e-002, 3.7027307892029392e-004, 1.2507182403483799e-003, 1.2656267290567418e-002, -3.6947576520861017e-002, 6.8841193750180218e-002, 9.9694321133767960e-001, -3.3082473610473007e-002, -9.9753024122063196e-004, -1.1571833174598206e-003, 0., 0., 0., -9.1210633148915243e-001, -4.0991683875934032e-001, -5.4977594481133134e-003, 0., 0., 0., 4.0828533729076705e-001, -9.0952134408412821e-001, 7.7935922454061030e-002, 0., 0., 0., -3.6947576520861017e-002, 6.8841193750180218e-002, 9.9694321133767960e-001};
static const casadi_real casadi_c30[36] = {1., 0., 0., 0., 0., 0., 0., 1., 0., 0., 0., 0., 0., 0., 1., 0., 0., 0., 0., 0., -8.2409999999999997e-002, 1., 0., 0., 0., 0., 6.0679999999999998e-002, 0., 1., 0., 8.2409999999999997e-002, -6.0679999999999998e-002, 0., 0., 0., 1.};
static const casadi_real casadi_c31[36] = {5.4300160000000003e-005, -4.5998639999999993e-005, 0., 0., 0., 6.3239999999999998e-004, -4.5998639999999993e-005, 1.7119965599999996e-003, 0., 0., 0., -1.5549599999999998e-002, 0., 0., 1.6689967199999996e-003, -6.3239999999999998e-004, 1.5549599999999998e-002, 0., 0., 0., -6.3239999999999998e-004, 1.8600000000000000e-001, 0., 0., 0., 0., 1.5549599999999998e-002, 0., 1.8600000000000000e-001, 0., 6.3239999999999998e-004, -1.5549599999999998e-002, 0., 0., 0., 1.8600000000000000e-001};
static const casadi_real casadi_c32[36] = {1., 0., 0., 0., 0., 8.2409999999999997e-002, 0., 1., 0., 0., 0., -6.0679999999999998e-002, 0., 0., 1., -8.2409999999999997e-002, 6.0679999999999998e-002, 0., 0., 0., 0., 1., 0., 0., 0., 0., 0., 0., 1., 0., 0., 0., 0., 0., 0., 1.};
static const casadi_real casadi_c33[36] = {1., 0., 0., 0., 0., 0., 0., 1., 0., 0., 0., 0., 0., 0., 1., 0., 0., 0., 0., -4.4999999999999998e-002, 0., 1., 0., 0., 4.4999999999999998e-002, 0., 0., 0., 1., 0., 0., 0., 0., 0., 0., 1.};
static const casadi_real casadi_c34[36] = {3.7540000000000000e-006, -3.7400000000000004e-008, 1.6099999999999999e-008, 0., 0., 0., -3.7400000000000004e-008, 1.4061823818869999e-002, 0., 0., 0., -3.8734672999999997e-002, 1.6099999999999999e-008, 0., 1.4062823818869998e-002, 0., 3.8734672999999997e-002, 0., 0., 0., 0., 1.5670000000000001e-001, 0., 0., 0., 0., 3.8734672999999997e-002, 0., 1.5670000000000001e-001, 0., 0., -3.8734672999999997e-002, 0., 0., 0., 1.5670000000000001e-001};
static const casadi_real casadi_c35[36] = {1., 0., 0., 0., 4.4999999999999998e-002, 0., 0., 1., 0., -4.4999999999999998e-002, 0., 0., 0., 0., 1., 0., 0., 0., 0., 0., 0., 1., 0., 0., 0., 0., 0., 0., 1., 0., 0., 0., 0., 0., 0., 1.};
static const casadi_real casadi_c36[36] = {0., 0., 1., -1.3500000000000001e-001, 0., 0., 0., 1., 0., 2.1000000000000001e-002, 0., 0., -1., 0., 0., 0., 2.1000000000000001e-002, -1.3500000000000001e-001, 0., 0., 0., 0., 0., 1., 0., 0., 0., 0., 1., 0., 0., 0., 0., -1., 0., 0.};
static const casadi_real casadi_c37[36] = {6.9995256880000002e-003, 2.5982600000000008e-006, -2.2849715280000003e-003, 0., 8.0589599999999997e-002, 1.8200000000000001e-004, 2.5982600000000003e-006, 7.9466100060000006e-003, 1.2048960000000000e-005, -8.0589599999999997e-002, 0., 3.2632600000000005e-002, -2.2849715279999998e-003, 1.2048960000000000e-005, 2.7201207180000001e-003, -1.8200000000000001e-004, -3.2632600000000005e-002, 0., 0., -8.0589599999999997e-002, -1.8200000000000001e-004, 1.8200000000000001e+000, 0., 0., 8.0589599999999997e-002, 0., -3.2632600000000005e-002, 0., 1.8200000000000001e+000, 0., 1.8200000000000001e-004, 3.2632600000000005e-002, 0., 0., 0., 1.8200000000000001e+000};
static const casadi_real casadi_c38[36] = {3.8188229227589998e-003, -4.0000000000000001e-008, 2.4620000000000002e-007, 0., 4.0138367000000001e-002, -1.1710000000000001e-005, -4.0000000000000001e-008, 4.1788228056590000e-003, -4.2848367000000011e-007, -4.0138367000000001e-002, 0., 0., 2.4620000000000002e-007, -4.2848367000000006e-007, 8.4200011710000003e-004, 1.1710000000000001e-005, 0., 0., 0., -4.0138367000000001e-002, 1.1710000000000001e-005, 1.1710000000000000e+000, 0., 0., 4.0138367000000001e-002, 0., 0., 0., 1.1710000000000000e+000, 0., -1.1710000000000001e-005, 0., 0., 0., 0., 1.1710000000000000e+000};
static const casadi_real casadi_c39[36] = {1.7976619472000001e-002, -2.8331096000000001e-004, 1.1696319552000000e-002, 0., 1.9767119999999999e-001, 2.7599999999999999e-004, -2.8331096000000001e-004, 5.6308519304000000e-002, 1.9053560000000001e-005, -1.9767119999999999e-001, 0., -3.2821919999999999e-001, 1.1696319552000000e-002, 1.9053560000000001e-005, 4.9772927432000000e-002, -2.7599999999999999e-004, 3.2821919999999999e-001, 0., 0., -1.9767119999999999e-001, -2.7599999999999999e-004, 5.5199999999999996e+000, 0., 0., 1.9767119999999999e-001, 0., 3.2821919999999999e-001, 0., 5.5199999999999996e+000, 0., 2.7599999999999999e-004, -3.2821919999999999e-001, 0., 0., 0., 5.5199999999999996e+000};
static const casadi_real casadi_c40[36] = {1., 0., 0., 0., -4.4999999999999997e-003, 0., 0., 1., 0., 4.4999999999999997e-003, 0., -1.2000000000000000e-001, 0., 0., 1., 0., 1.2000000000000000e-001, 0., 0., 0., 0., 1., 0., 0., 0., 0., 0., 0., 1., 0., 0., 0., 0., 0., 0., 1.};
static const casadi_real casadi_c41[36] = {2.1589905307058000e-003, -9.5640085800000009e-004, -2.8364785999999951e-006, 0., 1.6527618000000003e-003, 2.4302646000000001e-002, -9.5640085799999998e-004, 1.4379808734857999e-003, -7.3592907399999685e-007, -1.6527618000000003e-003, 0., -1.7429400000000001e-002, -2.8364785999999951e-006, -7.3592907399999008e-007, 3.3439620572199998e-003, -2.4302646000000001e-002, 1.7429400000000001e-002, 0., 0., -1.6527618000000003e-003, -2.4302646000000001e-002, 7.5780000000000003e-001, 0., 0., 1.6527618000000003e-003, 0., 1.7429400000000001e-002, 0., 7.5780000000000003e-001, 0., 2.4302646000000001e-002, -1.7429400000000001e-002, 0., 0., 0., 7.5780000000000003e-001};
static const casadi_real casadi_c42[36] = {3.6020451183133001e-004, -3.3350219393999997e-004, 1.9648180200000550e-007, 0., -1.2249709999999998e-004, 6.7451300000000007e-004, -3.3350219393999997e-004, 3.4131511484934325e-002, -2.6319910989999995e-007, 1.2249709999999998e-004, 0., -1.0581025999999999e-001, 1.9648180200000550e-007, -2.6319910989999995e-007, 3.4111273984496995e-002, -6.7451300000000007e-004, 1.0581025999999999e-001, 0., 0., 1.2249709999999998e-004, -6.7451300000000007e-004, 5.7699999999999996e-001, 0., 0., -1.2249709999999998e-004, 0., 1.0581025999999999e-001, 0., 5.7699999999999996e-001, 0., 6.7451300000000007e-004, -1.0581025999999999e-001, 0., 0., 0., 5.7699999999999996e-001};
static const casadi_real casadi_c43[36] = {1.1249986549999999e-003, 2.8780018376000000e-003, 6.3287433199999993e-005, 0., 1.0244200000000001e-003, -2.3913560000000000e-002, 2.8780018376000000e-003, 2.3137845861399997e-002, -3.6146763599999999e-005, -1.0244200000000001e-003, 0., -8.6379719999999993e-002, 6.3287433200000007e-005, -3.6146763599999999e-005, 2.3946780535999999e-002, 2.3913560000000000e-002, 8.6379719999999993e-002, 0., 0., -1.0244200000000001e-003, 2.3913560000000000e-002, 7.8200000000000003e-001, 0., 0., 1.0244200000000001e-003, 0., 8.6379719999999993e-002, 0., 7.8200000000000003e-001, 0., -2.3913560000000000e-002, -8.6379719999999993e-002, 0., 0., 0., 7.8200000000000003e-001};
static const casadi_real casadi_c44[36] = {2.8700446600000003e-004, 9.8627771039999998e-005, 1.4594072800000001e-006, 0., 2.0972000000000002e-005, 4.1165040000000000e-003, 9.8627771039999998e-005, 1.7129858256000001e-004, 1.7631056000000004e-007, -2.0972000000000002e-005, 0., -7.1005199999999997e-004, 1.4594072800000001e-006, 1.7631056000000004e-007, 4.4909717639999999e-004, -4.1165040000000000e-003, 7.1005199999999997e-004, 0., 0., -2.0972000000000002e-005, -4.1165040000000000e-003, 1.4979999999999999e-001, 0., 0., 2.0972000000000002e-005, 0., 7.1005199999999997e-004, 0., 1.4979999999999999e-001, 0., 4.1165040000000000e-003, -7.1005199999999997e-004, 0., 0., 0., 1.4979999999999999e-001};
static const casadi_real casadi_c45[36] = {1., 0., 0., 0., -2.2749999999999999e-002, -3.4000000000000002e-002, 0., 1., 0., 2.2749999999999999e-002, 0., -5.8000000000000003e-002, 0., 0., 1., 3.4000000000000002e-002, 5.8000000000000003e-002, 0., 0., 0., 0., 1., 0., 0., 0., 0., 0., 0., 1., 0., 0., 0., 0., 0., 0., 1.};
static const casadi_real casadi_c46[36] = {2.7523947689999999e-005, -1.4533460000000000e-008, -2.6257030500000004e-006, 0., 2.7111500000000000e-004, 2.5220000000000002e-006, -1.4533460000000000e-008, 5.3268745140000001e-005, -5.4776999999999998e-009, -2.7111500000000000e-004, 0., -6.2167299999999989e-004, -2.6257030500000004e-006, -5.4776999999999998e-009, 6.6426898330000005e-005, -2.5220000000000002e-006, 6.2167299999999989e-004, 0., 0., -2.7111500000000000e-004, -2.5220000000000002e-006, 1.2609999999999999e-001, 0., 0., 2.7111500000000000e-004, 0., 6.2167299999999989e-004, 0., 1.2609999999999999e-001, 0., 2.5220000000000002e-006, -6.2167299999999989e-004, 0., 0., 0., 1.2609999999999999e-001};
static const casadi_real casadi_c47[36] = {1., 0., 0., 0., 0., 0., 0., 1., 0., 0., 0., 0., 0., 0., 1., 0., 0., 0., 0., -7.9100000000000004e-003, 0., 1., 0., 0., 7.9100000000000004e-003, 0., 5.5000000000000000e-002, 0., 1., 0., 0., -5.5000000000000000e-002, 0., 0., 0., 1.};
static const casadi_real casadi_c48[36] = {2.7790000000000000e-006, -2.3400000000000001e-008, -8.0999999999999997e-009, 0., 0., 0., -2.3400000000000001e-008, 5.5283454310399993e-003, 0., 0., 0., -2.1101312000000001e-002, -8.0999999999999997e-009, 0., 5.5293454310400003e-003, 0., 2.1101312000000001e-002, 0., 0., 0., 0., 1.1860000000000000e-001, 0., 0., 0., 0., 2.1101312000000001e-002, 0., 1.1860000000000000e-001, 0., 0., -2.1101312000000001e-002, 0., 0., 0., 1.1860000000000000e-001};
static const casadi_real casadi_c49[36] = {1., 0., 0., 0., 7.9100000000000004e-003, 0., 0., 1., 0., -7.9100000000000004e-003, 0., -5.5000000000000000e-002, 0., 0., 1., 0., 5.5000000000000000e-002, 0., 0., 0., 0., 1., 0., 0., 0., 0., 0., 0., 1., 0., 0., 0., 0., 0., 0., 1.};
static const casadi_real casadi_c50[36] = {-9.1210633148915243e-001, 4.0828533729076705e-001, 3.6947576520861017e-002, 0., 0., 0., -4.0991683875934032e-001, -9.0952134408412821e-001, -6.8841193750180218e-002, 0., 0., 0., 5.4977594481133134e-003, -7.7935922454061030e-002, 9.9694321133767960e-001, 0., 0., 0., -1.5058488760806444e-003, -3.7027307892029392e-004, -3.3082473610473007e-002, -9.1210633148915243e-001, 4.0828533729076705e-001, 3.6947576520861017e-002, 2.9426117533754110e-003, -1.2507182403483799e-003, -9.9753024122063196e-004, -4.0991683875934032e-001, -9.0952134408412821e-001, -6.8841193750180218e-002, -3.0424791786161885e-002, 1.2656267290567418e-002, 1.1571833174598206e-003, 5.4977594481133134e-003, -7.7935922454061030e-002, 9.9694321133767960e-001};
static const casadi_real casadi_c51[36] = {3.0199840000000001e-005, -1.5303199999999999e-005, -5.9999999999999997e-007, 0., 0., 2.7720000000000002e-004, -1.5303199999999999e-005, 1.0489960000000000e-003, 1.0000000000000001e-007, 0., 0., -1.0206000000000000e-002, -5.9999999999999997e-007, 1.0000000000000001e-007, 1.0279958400000000e-003, -2.7720000000000002e-004, 1.0206000000000000e-002, 0., 0., 0., -2.7720000000000002e-004, 1.2600000000000000e-001, 0., 0., 0., 0., 1.0206000000000000e-002, 0., 1.2600000000000000e-001, 0., 2.7720000000000002e-004, -1.0206000000000000e-002, 0., 0., 0., 1.2600000000000000e-001};
static const casadi_real casadi_c52[36] = {-9.1210633148915243e-001, -4.0991683875934032e-001, 5.4977594481133134e-003, -1.5058488760806444e-003, 2.9426117533754110e-003, -3.0424791786161885e-002, 4.0828533729076705e-001, -9.0952134408412821e-001, -7.7935922454061030e-002, -3.7027307892029392e-004, -1.2507182403483799e-003, 1.2656267290567418e-002, 3.6947576520861017e-002, -6.8841193750180218e-002, 9.9694321133767960e-001, -3.3082473610473007e-002, -9.9753024122063196e-004, 1.1571833174598206e-003, 0., 0., 0., -9.1210633148915243e-001, -4.0991683875934032e-001, 5.4977594481133134e-003, 0., 0., 0., 4.0828533729076705e-001, -9.0952134408412821e-001, -7.7935922454061030e-002, 0., 0., 0., 3.6947576520861017e-002, -6.8841193750180218e-002, 9.9694321133767960e-001};
static const casadi_real casadi_c53[36] = {1., 0., 0., 0., 0., 0., 0., 1., 0., 0., 0., 0., 0., 0., 1., 0., 0., 0., 0., 4.4999999999999998e-002, 0., 1., 0., 0., -4.4999999999999998e-002, 0., 0., 0., 1., 0., 0., 0., 0., 0., 0., 1.};
static const casadi_real casadi_c54[36] = {3.7540000000000000e-006, -3.7400000000000004e-008, -1.6099999999999999e-008, 0., 0., 0., -3.7400000000000004e-008, 1.4061823818869999e-002, 0., 0., 0., -3.8734672999999997e-002, -1.6099999999999999e-008, 0., 1.4062823818869998e-002, 0., 3.8734672999999997e-002, 0., 0., 0., 0., 1.5670000000000001e-001, 0., 0., 0., 0., 3.8734672999999997e-002, 0., 1.5670000000000001e-001, 0., 0., -3.8734672999999997e-002, 0., 0., 0., 1.5670000000000001e-001};
static const casadi_real casadi_c55[36] = {1., 0., 0., 0., -4.4999999999999998e-002, 0., 0., 1., 0., 4.4999999999999998e-002, 0., 0., 0., 0., 1., 0., 0., 0., 0., 0., 0., 1., 0., 0., 0., 0., 0., 0., 1., 0., 0., 0., 0., 0., 0., 1.};
static const casadi_real casadi_c56[36] = {3.2107149999999998e-004, -3.7400000000000004e-008, 1.7430763849999998e-003, 0., 7.0514999999999996e-003, 0., -3.7400000000000004e-008, 1.4379141318870000e-002, 0., -7.0514999999999996e-003, 0., -3.8734672999999997e-002, 1.7430763849999998e-003, 0., 1.4062823818869998e-002, 0., 3.8734672999999997e-002, 0., 0., -7.0514999999999996e-003, 0., 1.5670000000000001e-001, 0., 0., 7.0514999999999996e-003, 0., 3.8734672999999997e-002, 0., 1.5670000000000001e-001, 0., 0., -3.8734672999999997e-002, 0., 0., 0., 1.5670000000000001e-001};
static const casadi_real casadi_c57[36] = {1.4217342346000000e-003, -2.2959340247999996e-003, 0., 0., 0., 1.5960660000000002e-002, -2.2959340248000001e-003, 4.2839596224000000e-003, 0., 0., 0., -2.6836079999999998e-002, 0., 0., 5.6083938569999993e-003, -1.5960660000000002e-002, 2.6836079999999998e-002, 0., 0., 0., -1.5960660000000002e-002, 1.8600000000000000e-001, 0., 0., 0., 0., 2.6836079999999998e-002, 0., 1.8600000000000000e-001, 0., 1.5960660000000002e-002, -2.6836079999999998e-002, 0., 0., 0., 1.8600000000000000e-001};
static const casadi_real casadi_c58[36] = {6.9142047560391372e-005, 8.1763822224825507e-005, -4.8676770613211487e-005, 0., 4.7392418706435757e-004, 6.0500835809448189e-005, 8.1763822224825480e-005, 1.1506572969090531e-003, 2.2295949326016183e-006, -4.7392418706435763e-004, 2.1684043449710089e-019, 1.1021526166882380e-002, -4.8676770613211480e-005, 2.2295949326016183e-006, 1.1645832513002574e-003, -6.0500835809449219e-005, -1.1021526166882376e-002, -1.0842021724855044e-019, 0., -4.7392418706435763e-004, -6.0500835809449219e-005, 1.2600000000000000e-001, 1.3877787807814457e-017, -4.3368086899420177e-019, 4.7392418706435763e-004, -1.0842021724855044e-019, -1.1021526166882380e-002, 1.3877787807814457e-017, 1.2600000000000000e-001, 0., 6.0500835809448148e-005, 1.1021526166882378e-002, 1.0842021724855044e-019, -8.6736173798840355e-019, 0., 1.2600000000000003e-001};
static const casadi_real casadi_c59[36] = {3.7723524350000002e-005, -3.7933460000000001e-008, -2.1587450487000004e-004, 0., -1.2092410000000000e-003, 2.5220000000000002e-006, -3.7933460000000001e-008, 8.2689440728400000e-003, 5.4776999999999998e-009, 1.2092410000000000e-003, 0., -2.8245985000000001e-002, -2.1587450487000001e-004, 5.4776999999999998e-009, 8.2756816493700005e-003, -2.5220000000000002e-006, 2.8245985000000001e-002, 0., 0., 1.2092410000000000e-003, -2.5220000000000002e-006, 2.4469999999999997e-001, 0., 0., -1.2092410000000000e-003, 0., 2.8245985000000001e-002, 0., 2.4469999999999997e-001, 0., 2.5220000000000002e-006, -2.8245985000000001e-002, 0., 0., 0., 2.4469999999999997e-001};
static const casadi_real casadi_c60[36] = {3.2107149999999998e-004, -3.7400000000000004e-008, -1.7430763849999998e-003, 0., -7.0514999999999996e-003, 0., -3.7400000000000004e-008, 1.4379141318870000e-002, 0., 7.0514999999999996e-003, 0., -3.8734672999999997e-002, -1.7430763849999998e-003, 0., 1.4062823818869998e-002, 0., 3.8734672999999997e-002, 0., 0., 7.0514999999999996e-003, 0., 1.5670000000000001e-001, 0., 0., -7.0514999999999996e-003, 0., 3.8734672999999997e-002, 0., 1.5670000000000001e-001, 0., 0., -3.8734672999999997e-002, 0., 0., 0., 1.5670000000000001e-001};
static const casadi_real casadi_c61[36] = {6.9142047560391372e-005, 8.1763822224825507e-005, 4.8676770613211487e-005, 0., -4.7392418706435757e-004, 6.0500835809448189e-005, 8.1763822224825480e-005, 1.1506572969090531e-003, -2.2295949326016183e-006, 4.7392418706435763e-004, -2.1684043449710089e-019, 1.1021526166882380e-002, 4.8676770613211480e-005, -2.2295949326016183e-006, 1.1645832513002574e-003, -6.0500835809449219e-005, -1.1021526166882376e-002, 1.0842021724855044e-019, 0., 4.7392418706435763e-004, -6.0500835809449219e-005, 1.2600000000000000e-001, 1.3877787807814457e-017, 4.3368086899420177e-019, -4.7392418706435763e-004, 1.0842021724855044e-019, -1.1021526166882380e-002, 1.3877787807814457e-017, 1.2600000000000000e-001, 0., 6.0500835809448148e-005, 1.1021526166882378e-002, -1.0842021724855044e-019, 8.6736173798840355e-019, 0., 1.2600000000000003e-001};
static const casadi_real casadi_c62[36] = {3.7723524350000002e-005, -3.7933460000000001e-008, 2.1587450487000004e-004, 0., 1.2092410000000000e-003, 2.5220000000000002e-006, -3.7933460000000001e-008, 8.2689440728400000e-003, -5.4776999999999998e-009, -1.2092410000000000e-003, 0., -2.8245985000000001e-002, 2.1587450487000001e-004, -5.4776999999999998e-009, 8.2756816493700005e-003, -2.5220000000000002e-006, 2.8245985000000001e-002, 0., 0., -1.2092410000000000e-003, -2.5220000000000002e-006, 2.4469999999999997e-001, 0., 0., 1.2092410000000000e-003, 0., 2.8245985000000001e-002, 0., 2.4469999999999997e-001, 0., 2.5220000000000002e-006, -2.8245985000000001e-002, 0., 0., 0., 2.4469999999999997e-001};

/* fff:(i0[20],i1[20],i2[3])->(o0[3]) */
static int casadi_f0(const casadi_real** arg, casadi_real** res, casadi_int* iw, casadi_real* w, int mem) {
  casadi_int i, j, k;
  casadi_real *rr, *ss, *tt;
  const casadi_real *cs;
  casadi_real *w0=w+6, *w1=w+12, *w2=w+48, *w3=w+54, *w4=w+90, *w5=w+96, *w6=w+132, *w7=w+138, *w8=w+174, w9, w10, w11, w12, w13, w14, w15, *w16=w+201, w17, *w18=w+208, *w19=w+214, *w20=w+220, *w21=w+226, *w22=w+232, *w23=w+238, *w24=w+274, w25, *w26=w+311, *w27=w+317, *w28=w+353, w29, *w30=w+390, *w31=w+396, *w32=w+432, *w33=w+468, *w34=w+504, *w35=w+540, *w36=w+546, *w37=w+582, *w38=w+588, *w39=w+624, *w40=w+630, w41, w42, w43, w44, w45, w46, w47, *w48=w+657, w49, w50, *w51=w+665, *w52=w+671, *w53=w+677, w54, w55, *w56=w+685, *w57=w+691, w58, w59, *w60=w+699, *w61=w+705, w62, w63, *w64=w+713, *w65=w+719, *w66=w+725, w67, w68, *w69=w+733, *w70=w+739, *w71=w+745, *w72=w+751, w73, w74, *w75=w+789, *w76=w+795, *w77=w+801, w78, *w79=w+838, w80, w81, w82, w83, w84, w85, w86, w87, w88, w89, w90, w91, w92, w93, *w94=w+888, *w95=w+891, w96, *w97=w+895, *w98=w+931, *w99=w+967, *w100=w+1003, *w101=w+1039, *w102=w+1075, *w103=w+1111, *w104=w+1147, *w105=w+1183, *w106=w+1219, *w107=w+1255, *w108=w+1291, *w109=w+1327, *w110=w+1363, *w111=w+1399, *w112=w+1435, *w113=w+1471, *w114=w+1507, *w115=w+1543, *w116=w+1579, *w117=w+1582, *w118=w+1618, *w119=w+1654, *w120=w+1690, *w121=w+1726, *w122=w+1762, *w123=w+1798, *w124=w+1834, *w125=w+1870, *w126=w+1906, *w127=w+1942, *w128=w+1978, *w129=w+2014, *w130=w+2050, *w131=w+2086, *w132=w+2122, *w133=w+2158, *w134=w+2194, *w135=w+2230, *w136=w+2266, *w137=w+2302, *w138=w+2338, *w139=w+2374, *w140=w+2410, *w141=w+2446, *w142=w+2482, *w143=w+2518, *w144=w+2554, *w145=w+2590, *w146=w+2626, *w147=w+2662, *w148=w+2698, *w149=w+2734, *w150=w+2770, *w151=w+2806, *w152=w+2842;
  /* #0: @0 = zeros(6x1) */
  casadi_clear(w0, 6);
  /* #1: @1 = 
  [[1, 0, 0, 0, 0, 0], 
   [0, 1, 0, 0, 0, 0], 
   [0, 0, 1, 0, 0, 0], 
   [0, 0, 0, 1, 0, 0], 
   [0, 0, 0, 0, 1, 0], 
   [0, 0, 0, 0, 0, 1]] */
  casadi_copy(casadi_c0, 36, w1);
  /* #2: @2 = zeros(6x1) */
  casadi_clear(w2, 6);
  /* #3: @3 = 
  [[1, 0, 0, 0, 0, 0], 
   [0, 1, 0, 0, 0, 0], 
   [0, 0, 1, 0, 0, 0], 
   [0, 0, 0, 1, 0, 0], 
