/* This file was automatically generated by CasADi.
   The CasADi copyright holders make no ownership claim of its contents. */
/* How to prefix internal symbols */
#ifdef CASADI_CODEGEN_PREFIX
  #define CASADI_NAMESPACE_CONCAT(NS, ID) _CASADI_NAMESPACE_CONCAT(NS, ID)
  #define _CASADI_NAMESPACE_CONCAT(NS, ID) NS ## ID
  #define CASADI_PREFIX(ID) CASADI_NAMESPACE_CONCAT(CODEGEN_PREFIX, ID)
#else
  #define CASADI_PREFIX(ID) Generated_CM_ ## ID
#endif

#include <math.h>
#include <stdio.h>
#include <string.h>
#ifdef MATLAB_MEX_FILE
#include <mex.h>
#endif

#ifndef casadi_real
#define casadi_real double
#endif

#ifndef casadi_int
#define casadi_int long long int
#endif

/* Add prefix to internal symbols */
#define casadi_c0 CASADI_PREFIX(c0)
#define casadi_c1 CASADI_PREFIX(c1)
#define casadi_c10 CASADI_PREFIX(c10)
#define casadi_c11 CASADI_PREFIX(c11)
#define casadi_c12 CASADI_PREFIX(c12)
#define casadi_c13 CASADI_PREFIX(c13)
#define casadi_c14 CASADI_PREFIX(c14)
#define casadi_c15 CASADI_PREFIX(c15)
#define casadi_c16 CASADI_PREFIX(c16)
#define casadi_c17 CASADI_PREFIX(c17)
#define casadi_c18 CASADI_PREFIX(c18)
#define casadi_c19 CASADI_PREFIX(c19)
#define casadi_c2 CASADI_PREFIX(c2)
#define casadi_c20 CASADI_PREFIX(c20)
#define casadi_c21 CASADI_PREFIX(c21)
#define casadi_c22 CASADI_PREFIX(c22)
#define casadi_c23 CASADI_PREFIX(c23)
#define casadi_c24 CASADI_PREFIX(c24)
#define casadi_c25 CASADI_PREFIX(c25)
#define casadi_c26 CASADI_PREFIX(c26)
#define casadi_c27 CASADI_PREFIX(c27)
#define casadi_c28 CASADI_PREFIX(c28)
#define casadi_c29 CASADI_PREFIX(c29)
#define casadi_c3 CASADI_PREFIX(c3)
#define casadi_c30 CASADI_PREFIX(c30)
#define casadi_c31 CASADI_PREFIX(c31)
#define casadi_c32 CASADI_PREFIX(c32)
#define casadi_c33 CASADI_PREFIX(c33)
#define casadi_c34 CASADI_PREFIX(c34)
#define casadi_c35 CASADI_PREFIX(c35)
#define casadi_c36 CASADI_PREFIX(c36)
#define casadi_c37 CASADI_PREFIX(c37)
#define casadi_c38 CASADI_PREFIX(c38)
#define casadi_c39 CASADI_PREFIX(c39)
#define casadi_c4 CASADI_PREFIX(c4)
#define casadi_c5 CASADI_PREFIX(c5)
#define casadi_c6 CASADI_PREFIX(c6)
#define casadi_c7 CASADI_PREFIX(c7)
#define casadi_c8 CASADI_PREFIX(c8)
#define casadi_c9 CASADI_PREFIX(c9)
#define casadi_clear CASADI_PREFIX(clear)
#define casadi_copy CASADI_PREFIX(copy)
#define casadi_f0 CASADI_PREFIX(f0)
#define casadi_fill CASADI_PREFIX(fill)
#define casadi_from_mex CASADI_PREFIX(from_mex)
#define casadi_s0 CASADI_PREFIX(s0)
#define casadi_s1 CASADI_PREFIX(s1)
#define casadi_to_mex CASADI_PREFIX(to_mex)

/* Symbol visibility in DLLs */
#ifndef CASADI_SYMBOL_EXPORT
  #if defined(_WIN32) || defined(__WIN32__) || defined(__CYGWIN__)
    #if defined(STATIC_LINKED)
      #define CASADI_SYMBOL_EXPORT
    #else
      #define CASADI_SYMBOL_EXPORT __declspec(dllexport)
    #endif
  #elif defined(__GNUC__) && defined(GCC_HASCLASSVISIBILITY)
    #define CASADI_SYMBOL_EXPORT __attribute__ ((visibility ("default")))
  #else
    #define CASADI_SYMBOL_EXPORT
  #endif
#endif

void casadi_clear(casadi_real* x, casadi_int n) {
  casadi_int i;
  if (x) {
    for (i=0; i<n; ++i) *x++ = 0;
  }
}

void casadi_copy(const casadi_real* x, casadi_int n, casadi_real* y) {
  casadi_int i;
  if (y) {
    if (x) {
      for (i=0; i<n; ++i) *y++ = *x++;
    } else {
      for (i=0; i<n; ++i) *y++ = 0.;
    }
  }
}

void casadi_fill(casadi_real* x, casadi_int n, casadi_real alpha) {
  casadi_int i;
  if (x) {
    for (i=0; i<n; ++i) *x++ = alpha;
  }
}

#ifdef MATLAB_MEX_FILE
casadi_real* casadi_from_mex(const mxArray* p, casadi_real* y, const casadi_int* sp, casadi_real* w) {
  casadi_int nrow, ncol, is_sparse, c, k, p_nrow, p_ncol;
  const casadi_int *colind, *row;
  mwIndex *Jc, *Ir;
  const double* p_data;
  if (!mxIsDouble(p) || mxGetNumberOfDimensions(p)!=2)
    mexErrMsgIdAndTxt("Casadi:RuntimeError",
      "\"from_mex\" failed: Not a two-dimensional matrix of double precision.");
  nrow = *sp++;
  ncol = *sp++;
  colind = sp;
  row = sp+ncol+1;
  p_nrow = mxGetM(p);
  p_ncol = mxGetN(p);
  is_sparse = mxIsSparse(p);
  Jc = 0;
  Ir = 0;
  if (is_sparse) {
    Jc = mxGetJc(p);
    Ir = mxGetIr(p);
  }
  p_data = (const double*)mxGetData(p);
  if (p_nrow==1 && p_ncol==1) {
    casadi_int nnz;
    double v = is_sparse && Jc[1]==0 ? 0 : *p_data;
    nnz = sp[ncol];
    casadi_fill(y, nnz, v);
  } else {
    casadi_int tr = 0;
    if (nrow!=p_nrow || ncol!=p_ncol) {
      tr = nrow==p_ncol && ncol==p_nrow && (nrow==1 || ncol==1);
      if (!tr) mexErrMsgIdAndTxt("Casadi:RuntimeError",
                                 "\"from_mex\" failed: Dimension mismatch. "
                                 "Expected %d-by-%d, got %d-by-%d instead.",
                                 nrow, ncol, p_nrow, p_ncol);
    }
    if (is_sparse) {
      if (tr) {
        for (c=0; c<ncol; ++c)
          for (k=colind[c]; k<colind[c+1]; ++k) w[row[k]+c*nrow]=0;
        for (c=0; c<p_ncol; ++c)
          for (k=Jc[c]; k<(casadi_int) Jc[c+1]; ++k) w[c+Ir[k]*p_ncol] = p_data[k];
        for (c=0; c<ncol; ++c)
          for (k=colind[c]; k<colind[c+1]; ++k) y[k] = w[row[k]+c*nrow];
      } else {
        for (c=0; c<ncol; ++c) {
          for (k=colind[c]; k<colind[c+1]; ++k) w[row[k]]=0;
          for (k=Jc[c]; k<(casadi_int) Jc[c+1]; ++k) w[Ir[k]]=p_data[k];
          for (k=colind[c]; k<colind[c+1]; ++k) y[k]=w[row[k]];
        }
      }
    } else {
      for (c=0; c<ncol; ++c) {
        for (k=colind[c]; k<colind[c+1]; ++k) {
          y[k] = p_data[row[k]+c*nrow];
        }
      }
    }
  }
  return y;
}

#endif

#define casadi_to_double(x) (static_cast<double>(x))

#ifdef MATLAB_MEX_FILE
mxArray* casadi_to_mex(const casadi_int* sp, const casadi_real* x) {
  casadi_int nrow, ncol, c, k;
#ifndef CASADI_MEX_NO_SPARSE
  casadi_int nnz;
#endif
  const casadi_int *colind, *row;
  mxArray *p;
  double *d;
#ifndef CASADI_MEX_NO_SPARSE
  casadi_int i;
  mwIndex *j;
#endif /* CASADI_MEX_NO_SPARSE */
  nrow = *sp++;
  ncol = *sp++;
  colind = sp;
  row = sp+ncol+1;
#ifndef CASADI_MEX_NO_SPARSE
  nnz = sp[ncol];
  if (nnz!=nrow*ncol) {
    p = mxCreateSparse(nrow, ncol, nnz, mxREAL);
    for (i=0, j=mxGetJc(p); i<=ncol; ++i) *j++ = *colind++;
    for (i=0, j=mxGetIr(p); i<nnz; ++i) *j++ = *row++;
    if (x) {
      d = (double*)mxGetData(p);
      for (i=0; i<nnz; ++i) *d++ = casadi_to_double(*x++);
    }
    return p;
  }
#endif /* CASADI_MEX_NO_SPARSE */
  p = mxCreateDoubleMatrix(nrow, ncol, mxREAL);
  if (x) {
    d = (double*)mxGetData(p);
    for (c=0; c<ncol; ++c) {
      for (k=colind[c]; k<colind[c+1]; ++k) {
        d[row[k]+c*nrow] = casadi_to_double(*x++);
      }
    }
  }
  return p;
}

#endif

#ifndef CASADI_PRINTF
#ifdef MATLAB_MEX_FILE
  #define CASADI_PRINTF mexPrintf
#else
  #define CASADI_PRINTF printf
#endif
#endif

static const casadi_int casadi_s0[24] = {20, 1, 0, 20, 0, 1, 2, 3, 4, 5, 6, 7, 8, 9, 10, 11, 12, 13, 14, 15, 16, 17, 18, 19};
static const casadi_int casadi_s1[7] = {3, 1, 0, 3, 0, 1, 2};

static const casadi_real casadi_c0[36] = {1., 0., 0., 0., 0., 0., 0., 1., 0., 0., 0., 0., 0., 0., 1., 0., 0., 0., 0., 0., 0., 1., 0., 0., 0., 0., 0., 0., 1., 0., 0., 0., 0., 0., 0., 1.};
static const casadi_real casadi_c1[6] = {0., 0., 1., 0., 0., 0.};
static const casadi_real casadi_c2[6] = {0., 0., 0., 0., 0., 1.};
static const casadi_real casadi_c3[6] = {0., 1., 0., 0., 0., 0.};
static const casadi_real casadi_c4[6] = {0., 0., 0., 0., 1., 0.};
static const casadi_real casadi_c5[6] = {1., 0., 0., 0., 0., 0.};
static const casadi_real casadi_c6[6] = {0., 0., 0., 1., 0., 0.};
static const casadi_real casadi_c7[36] = {9.4159869939279994e-002, -1.6830795879999995e-004, -1.5027678698000001e-002, 0., -2.9347529999999999e-001, 3.5741799999999997e-003, -1.6830795879999998e-004, 8.4070913021000004e-002, -5.1554245379999998e-004, 2.9347529999999999e-001, 0., -5.2331779999999994e-001, -1.5027678697999999e-002, -5.1554245379999998e-004, 1.1277251641428000e-001, -3.5741799999999997e-003, 5.2331779999999994e-001, 0., 0., 2.9347529999999999e-001, -3.5741799999999997e-003, 1.0330000000000000e+001, 0., 0., -2.9347529999999999e-001, 0., 5.2331779999999994e-001, 0., 1.0330000000000000e+001, 0., 3.5741799999999997e-003, -5.2331779999999994e-001, 0., 0., 0., 1.0330000000000000e+001};
static const casadi_real casadi_c8[36] = {0., 0., 1., 1.3500000000000001e-001, 0., 0., 0., 1., 0., 2.1000000000000001e-002, 0., 0., -1., 0., 0., 0., 2.1000000000000001e-002, 1.3500000000000001e-001, 0., 0., 0., 0., 0., 1., 0., 0., 0., 0., 1., 0., 0., 0., 0., -1., 0., 0.};
static const casadi_real casadi_c9[36] = {6.9995256880000002e-003, 3.9282600000000007e-006, -2.2849715280000003e-003, 0., 8.0589599999999997e-002, 1.8200000000000001e-004, 3.9282599999999999e-006, 7.9466100060000006e-003, 4.0689600000000009e-006, -8.0589599999999997e-002, 0., 3.2632600000000005e-002, -2.2849715279999998e-003, 4.0689600000000009e-006, 2.7201207180000001e-003, -1.8200000000000001e-004, -3.2632600000000005e-002, 0., 0., -8.0589599999999997e-002, -1.8200000000000001e-004, 1.8200000000000001e+000, 0., 0., 8.0589599999999997e-002, 0., -3.2632600000000005e-002, 0., 1.8200000000000001e+000, 0., 1.8200000000000001e-004, 3.2632600000000005e-002, 0., 0., 0., 1.8200000000000001e+000};
static const casadi_real casadi_c10[36] = {0., 0., -1., 0., 7.0000000000000007e-002, 0., 0., 1., 0., 0., 0., 7.0000000000000007e-002, 1., 0., 0., 0., 0., 0., 0., 0., 0., 0., 0., -1., 0., 0., 0., 0., 1., 0., 0., 0., 0., 1., 0., 0.};
static const casadi_real casadi_c11[36] = {3.8188229227589998e-003, 4.0000000000000001e-008, 2.4620000000000002e-007, 0., 4.0138367000000001e-002, 1.1710000000000001e-005, 4.0000000000000001e-008, 4.1788228056590000e-003, 4.2848367000000011e-007, -4.0138367000000001e-002, 0., 0., 2.4620000000000002e-007, 4.2848367000000006e-007, 8.4200011710000003e-004, -1.1710000000000001e-005, 0., 0., 0., -4.0138367000000001e-002, -1.1710000000000001e-005, 1.1710000000000000e+000, 0., 0., 4.0138367000000001e-002, 0., 0., 0., 1.1710000000000000e+000, 0., 1.1710000000000001e-005, 0., 0., 0., 0., 1.1710000000000000e+000};
static const casadi_real casadi_c12[36] = {0., 1., 0., 0., 0., -8.9999999999999997e-002, 0., 0., -1., 0., -8.9999999999999997e-002, 0., -1., 0., 0., 0., 0., 0., 0., 0., 0., 0., 1., 0., 0., 0., 0., 0., 0., -1., 0., 0., 0., -1., 0., 0.};
static const casadi_real casadi_c13[36] = {3.2107149999999998e-004, -3.7400000000000004e-008, 1.7430763849999998e-003, 0., 7.0514999999999996e-003, 0., -3.7400000000000004e-008, 1.4379141318870000e-002, 0., -7.0514999999999996e-003, 0., -3.8734672999999997e-002, 1.7430763849999998e-003, 0., 1.4062823818869998e-002, 0., 3.8734672999999997e-002, 0., 0., -7.0514999999999996e-003, 0., 1.5670000000000001e-001, 0., 0., 7.0514999999999996e-003, 0., 3.8734672999999997e-002, 0., 1.5670000000000001e-001, 0., 0., -3.8734672999999997e-002, 0., 0., 0., 1.5670000000000001e-001};
static const casadi_real casadi_c14[36] = {1.7976619472000001e-002, -2.8331096000000001e-004, -1.1696319552000000e-002, 0., -1.9767119999999999e-001, 2.7599999999999999e-004, -2.8331096000000001e-004, 5.6308519304000000e-002, -1.9053560000000001e-005, 1.9767119999999999e-001, 0., -3.2821919999999999e-001, -1.1696319552000000e-002, -1.9053560000000001e-005, 4.9772927432000000e-002, -2.7599999999999999e-004, 3.2821919999999999e-001, 0., 0., 1.9767119999999999e-001, -2.7599999999999999e-004, 5.5199999999999996e+000, 0., 0., -1.9767119999999999e-001, 0., 3.2821919999999999e-001, 0., 5.5199999999999996e+000, 0., 2.7599999999999999e-004, -3.2821919999999999e-001, 0., 0., 0., 5.5199999999999996e+000};
static const casadi_real casadi_c15[36] = {1., 0., 0., 0., 4.4999999999999997e-003, 0., 0., 1., 0., -4.4999999999999997e-003, 0., -1.2000000000000000e-001, 0., 0., 1., 0., 1.2000000000000000e-001, 0., 0., 0., 0., 1., 0., 0., 0., 0., 0., 0., 1., 0., 0., 0., 0., 0., 0., 1.};
static const casadi_real casadi_c16[36] = {1.4217342346000000e-003, -2.2959340247999996e-003, 0., 0., 0., 1.5960660000000002e-002, -2.2959340248000001e-003, 4.2839596224000000e-003, 0., 0., 0., -2.6836079999999998e-002, 0., 0., 5.6083938569999993e-003, -1.5960660000000002e-002, 2.6836079999999998e-002, 0., 0., 0., -1.5960660000000002e-002, 1.8600000000000000e-001, 0., 0., 0., 0., 2.6836079999999998e-002, 0., 1.8600000000000000e-001, 0., 1.5960660000000002e-002, -2.6836079999999998e-002, 0., 0., 0., 1.8600000000000000e-001};
static const casadi_real casadi_c17[36] = {2.1589905307058000e-003, -9.5640085800000009e-004, 2.8364785999999951e-006, 0., -1.6527618000000003e-003, 2.4302646000000001e-002, -9.5640085799999998e-004, 1.4379808734857999e-003, 7.3592907399999685e-007, 1.6527618000000003e-003, 0., -1.7429400000000001e-002, 2.8364785999999951e-006, 7.3592907399999008e-007, 3.3439620572199998e-003, -2.4302646000000001e-002, 1.7429400000000001e-002, 0., 0., 1.6527618000000003e-003, -2.4302646000000001e-002, 7.5780000000000003e-001, 0., 0., -1.6527618000000003e-003, 0., 1.7429400000000001e-002, 0., 7.5780000000000003e-001, 0., 2.4302646000000001e-002, -1.7429400000000001e-002, 0., 0., 0., 7.5780000000000003e-001};
static const casadi_real casadi_c18[36] = {1., 0., 0., 0., 0., 4.7409999999999994e-002, 0., 1., 0., 0., 0., -6.0679999999999998e-002, 0., 0., 1., -4.7409999999999994e-002, 6.0679999999999998e-002, 0., 0., 0., 0., 1., 0., 0., 0., 0., 0., 0., 1., 0., 0., 0., 0., 0., 0., 1.};
static const casadi_real casadi_c19[36] = {3.6020451183133001e-004, -3.3350219393999997e-004, -1.9648180200000550e-007, 0., 1.2249709999999998e-004, 6.7451300000000007e-004, -3.3350219393999997e-004, 3.4131511484934325e-002, 2.6319910989999995e-007, -1.2249709999999998e-004, 0., -1.0581025999999999e-001, -1.9648180200000550e-007, 2.6319910989999995e-007, 3.4111273984496995e-002, -6.7451300000000007e-004, 1.0581025999999999e-001, 0., 0., -1.2249709999999998e-004, -6.7451300000000007e-004, 5.7699999999999996e-001, 0., 0., 1.2249709999999998e-004, 0., 1.0581025999999999e-001, 0., 5.7699999999999996e-001, 0., 6.7451300000000007e-004, -1.0581025999999999e-001, 0., 0., 0., 5.7699999999999996e-001};
static const casadi_real casadi_c20[36] = {1., 0., 0., 0., 0., 2.0000000000000000e-002, 0., 1., 0., 0., 0., -4.3475999999999998e-001, 0., 0., 1., -2.0000000000000000e-002, 4.3475999999999998e-001, 0., 0., 0., 0., 1., 0., 0., 0., 0., 0., 0., 1., 0., 0., 0., 0., 0., 0., 1.};
static const casadi_real casadi_c21[36] = {6.9142047560391372e-005, 8.1763822224825507e-005, -4.8676770613211487e-005, 0., 4.7392418706435757e-004, 6.0500835809448189e-005, 8.1763822224825480e-005, 1.1506572969090531e-003, 2.2295949326016183e-006, -4.7392418706435763e-004, 2.1684043449710089e-019, 1.1021526166882380e-002, -4.8676770613211480e-005, 2.2295949326016183e-006, 1.1645832513002574e-003, -6.0500835809449219e-005, -1.1021526166882376e-002, -1.0842021724855044e-019, 0., -4.7392418706435763e-004, -6.0500835809449219e-005, 1.2600000000000000e-001, 1.3877787807814457e-017, -4.3368086899420177e-019, 4.7392418706435763e-004, -1.0842021724855044e-019, -1.1021526166882380e-002, 1.3877787807814457e-017, 1.2600000000000000e-001, 0., 6.0500835809448148e-005, 1.1021526166882378e-002, 1.0842021724855044e-019, -8.6736173798840355e-019, 0., 1.2600000000000003e-001};
static const casadi_real casadi_c22[36] = {1.1249986549999999e-003, 2.8780018376000000e-003, -6.3287433199999993e-005, 0., -1.0244200000000001e-003, -2.3913560000000000e-002, 2.8780018376000000e-003, 2.3137845861399997e-002, 3.6146763599999999e-005, 1.0244200000000001e-003, 0., -8.6379719999999993e-002, -6.3287433200000007e-005, 3.6146763599999999e-005, 2.3946780535999999e-002, 2.3913560000000000e-002, 8.6379719999999993e-002, 0., 0., 1.0244200000000001e-003, 2.3913560000000000e-002, 7.8200000000000003e-001, 0., 0., -1.0244200000000001e-003, 0., 8.6379719999999993e-002, 0., 7.8200000000000003e-001, 0., -2.3913560000000000e-002, -8.6379719999999993e-002, 0., 0., 0., 7.8200000000000003e-001};
static const casadi_real casadi_c23[36] = {1., 0., 0., 0., 0., -4.0000000000000001e-002, 0., 1., 0., 0., 0., -4.0799999999999997e-001, 0., 0., 1., 4.0000000000000001e-002, 4.0799999999999997e-001, 0., 0., 0., 0., 1., 0., 0., 0., 0., 0., 0., 1., 0., 0., 0., 0., 0., 0., 1.};
static const casadi_real casadi_c24[36] = {2.8700446600000003e-004, 9.8627771039999998e-005, -1.4594072800000001e-006, 0., -2.0972000000000002e-005, 4.1165040000000000e-003, 9.8627771039999998e-005, 1.7129858256000001e-004, -1.7631056000000004e-007, 2.0972000000000002e-005, 0., -7.1005199999999997e-004, -1.4594072800000001e-006, -1.7631056000000004e-007, 4.4909717639999999e-004, -4.1165040000000000e-003, 7.1005199999999997e-004, 0., 0., 2.0972000000000002e-005, -4.1165040000000000e-003, 1.4979999999999999e-001, 0., 0., -2.0972000000000002e-005, 0., 7.1005199999999997e-004, 0., 1.4979999999999999e-001, 0., 4.1165040000000000e-003, -7.1005199999999997e-004, 0., 0., 0., 1.4979999999999999e-001};
static const casadi_real casadi_c25[36] = {1., 0., 0., 0., 2.2749999999999999e-002, -3.4000000000000002e-002, 0., 1., 0., -2.2749999999999999e-002, 0., -5.8000000000000003e-002, 0., 0., 1., 3.4000000000000002e-002, 5.8000000000000003e-002, 0., 0., 0., 0., 1., 0., 0., 0., 0., 0., 0., 1., 0., 0., 0., 0., 0., 0., 1.};
static const casadi_real casadi_c26[36] = {3.7723524350000002e-005, -3.7933460000000001e-008, -2.1587450487000004e-004, 0., -1.2092410000000000e-003, 2.5220000000000002e-006, -3.7933460000000001e-008, 8.2689440728400000e-003, 5.4776999999999998e-009, 1.2092410000000000e-003, 0., -2.8245985000000001e-002, -2.1587450487000001e-004, 5.4776999999999998e-009, 8.2756816493700005e-003, -2.5220000000000002e-006, 2.8245985000000001e-002, 0., 0., 1.2092410000000000e-003, -2.5220000000000002e-006, 2.4469999999999997e-001, 0., 0., -1.2092410000000000e-003, 0., 2.8245985000000001e-002, 0., 2.4469999999999997e-001, 0., 2.5220000000000002e-006, -2.8245985000000001e-002, 0., 0., 0., 2.4469999999999997e-001};
static const casadi_real casadi_c27[36] = {0., 0., 1., -1.3500000000000001e-001, 0., 0., 0., 1., 0., 2.1000000000000001e-002, 0., 0., -1., 0., 0., 0., 2.1000000000000001e-002, -1.3500000000000001e-001, 0., 0., 0., 0., 0., 1., 0., 0., 0., 0., 1., 0., 0., 0., 0., -1., 0., 0.};
static const casadi_real casadi_c28[36] = {6.9995256880000002e-003, 2.5982600000000008e-006, -2.2849715280000003e-003, 0., 8.0589599999999997e-002, 1.8200000000000001e-004, 2.5982600000000003e-006, 7.9466100060000006e-003, 1.2048960000000000e-005, -8.0589599999999997e-002, 0., 3.2632600000000005e-002, -2.2849715279999998e-003, 1.2048960000000000e-005, 2.7201207180000001e-003, -1.8200000000000001e-004, -3.2632600000000005e-002, 0., 0., -8.0589599999999997e-002, -1.8200000000000001e-004, 1.8200000000000001e+000, 0., 0., 8.0589599999999997e-002, 0., -3.2632600000000005e-002, 0., 1.8200000000000001e+000, 0., 1.8200000000000001e-004, 3.2632600000000005e-002, 0., 0., 0., 1.8200000000000001e+000};
static const casadi_real casadi_c29[36] = {3.8188229227589998e-003, -4.0000000000000001e-008, 2.4620000000000002e-007, 0., 4.0138367000000001e-002, -1.1710000000000001e-005, -4.0000000000000001e-008, 4.1788228056590000e-003, -4.2848367000000011e-007, -4.0138367000000001e-002, 0., 0., 2.4620000000000002e-007, -4.2848367000000006e-007, 8.4200011710000003e-004, 1.1710000000000001e-005, 0., 0., 0., -4.0138367000000001e-002, 1.1710000000000001e-005, 1.1710000000000000e+000, 0., 0., 4.0138367000000001e-002, 0., 0., 0., 1.1710000000000000e+000, 0., -1.1710000000000001e-005, 0., 0., 0., 0., 1.1710000000000000e+000};
static const casadi_real casadi_c30[36] = {3.2107149999999998e-004, -3.7400000000000004e-008, -1.7430763849999998e-003, 0., -7.0514999999999996e-003, 0., -3.7400000000000004e-008, 1.4379141318870000e-002, 0., 7.0514999999999996e-003, 0., -3.8734672999999997e-002, -1.7430763849999998e-003, 0., 1.4062823818869998e-002, 0., 3.8734672999999997e-002, 0., 0., 7.0514999999999996e-003, 0., 1.5670000000000001e-001, 0., 0., -7.0514999999999996e-003, 0., 3.8734672999999997e-002, 0., 1.5670000000000001e-001, 0., 0., -3.8734672999999997e-002, 0., 0., 0., 1.5670000000000001e-001};
static const casadi_real casadi_c31[36] = {1.7976619472000001e-002, -2.8331096000000001e-004, 1.1696319552000000e-002, 0., 1.9767119999999999e-001, 2.7599999999999999e-004, -2.8331096000000001e-004, 5.6308519304000000e-002, 1.9053560000000001e-005, -1.9767119999999999e-001, 0., -3.2821919999999999e-001, 1.1696319552000000e-002, 1.9053560000000001e-005, 4.9772927432000000e-002, -2.7599999999999999e-004, 3.2821919999999999e-001, 0., 0., -1.9767119999999999e-001, -2.7599999999999999e-004, 5.5199999999999996e+000, 0., 0., 1.9767119999999999e-001, 0., 3.2821919999999999e-001, 0., 5.5199999999999996e+000, 0., 2.7599999999999999e-004, -3.2821919999999999e-001, 0., 0., 0., 5.5199999999999996e+000};
static const casadi_real casadi_c32[36] = {1., 0., 0., 0., -4.4999999999999997e-003, 0., 0., 1., 0., 4.4999999999999997e-003, 0., -1.2000000000000000e-001, 0., 0., 1., 0., 1.2000000000000000e-001, 0., 0., 0., 0., 1., 0., 0., 0., 0., 0., 0., 1., 0., 0., 0., 0., 0., 0., 1.};
static const casadi_real casadi_c33[36] = {2.1589905307058000e-003, -9.5640085800000009e-004, -2.8364785999999951e-006, 0., 1.6527618000000003e-003, 2.4302646000000001e-002, -9.5640085799999998e-004, 1.4379808734857999e-003, -7.3592907399999685e-007, -1.6527618000000003e-003, 0., -1.7429400000000001e-002, -2.8364785999999951e-006, -7.3592907399999008e-007, 3.3439620572199998e-003, -2.4302646000000001e-002, 1.7429400000000001e-002, 0., 0., -1.6527618000000003e-003, -2.4302646000000001e-002, 7.5780000000000003e-001, 0., 0., 1.6527618000000003e-003, 0., 1.7429400000000001e-002, 0., 7.5780000000000003e-001, 0., 2.4302646000000001e-002, -1.7429400000000001e-002, 0., 0., 0., 7.5780000000000003e-001};
static const casadi_real casadi_c34[36] = {3.6020451183133001e-004, -3.3350219393999997e-004, 1.9648180200000550e-007, 0., -1.2249709999999998e-004, 6.7451300000000007e-004, -3.3350219393999997e-004, 3.4131511484934325e-002, -2.6319910989999995e-007, 1.2249709999999998e-004, 0., -1.0581025999999999e-001, 1.9648180200000550e-007, -2.6319910989999995e-007, 3.4111273984496995e-002, -6.7451300000000007e-004, 1.0581025999999999e-001, 0., 0., 1.2249709999999998e-004, -6.7451300000000007e-004, 5.7699999999999996e-001, 0., 0., -1.2249709999999998e-004, 0., 1.0581025999999999e-001, 0., 5.7699999999999996e-001, 0., 6.7451300000000007e-004, -1.0581025999999999e-001, 0., 0., 0., 5.7699999999999996e-001};
static const casadi_real casadi_c35[36] = {6.9142047560391372e-005, 8.1763822224825507e-005, 4.8676770613211487e-005, 0., -4.7392418706435757e-004, 6.0500835809448189e-005, 8.1763822224825480e-005, 1.1506572969090531e-003, -2.2295949326016183e-006, 4.7392418706435763e-004, -2.1684043449710089e-019, 1.1021526166882380e-002, 4.8676770613211480e-005, -2.2295949326016183e-006, 1.1645832513002574e-003, -6.0500835809449219e-005, -1.1021526166882376e-002, 1.0842021724855044e-019, 0., 4.7392418706435763e-004, -6.0500835809449219e-005, 1.2600000000000000e-001, 1.3877787807814457e-017, 4.3368086899420177e-019, -4.7392418706435763e-004, 1.0842021724855044e-019, -1.1021526166882380e-002, 1.3877787807814457e-017, 1.2600000000000000e-001, 0., 6.0500835809448148e-005, 1.1021526166882378e-002, -1.0842021724855044e-019, 8.6736173798840355e-019, 0., 1.2600000000000003e-001};
static const casadi_real casadi_c36[36] = {1.1249986549999999e-003, 2.8780018376000000e-003, 6.3287433199999993e-005, 0., 1.0244200000000001e-003, -2.3913560000000000e-002, 2.8780018376000000e-003, 2.3137845861399997e-002, -3.6146763599999999e-005, -1.0244200000000001e-003, 0., -8.6379719999999993e-002, 6.3287433200000007e-005, -3.6146763599999999e-005, 2.3946780535999999e-002, 2.3913560000000000e-002, 8.6379719999999993e-002, 0., 0., -1.0244200000000001e-003, 2.3913560000000000e-002, 7.8200000000000003e-001, 0., 0., 1.0244200000000001e-003, 0., 8.6379719999999993e-002, 0., 7.8200000000000003e-001, 0., -2.3913560000000000e-002, -8.6379719999999993e-002, 0., 0., 0., 7.8200000000000003e-001};
static const casadi_real casadi_c37[36] = {2.8700446600000003e-004, 9.8627771039999998e-005, 1.4594072800000001e-006, 0., 2.0972000000000002e-005, 4.1165040000000000e-003, 9.8627771039999998e-005, 1.7129858256000001e-004, 1.7631056000000004e-007, -2.0972000000000002e-005, 0., -7.1005199999999997e-004, 1.4594072800000001e-006, 1.7631056000000004e-007, 4.4909717639999999e-004, -4.1165040000000000e-003, 7.1005199999999997e-004, 0., 0., -2.0972000000000002e-005, -4.1165040000000000e-003, 1.4979999999999999e-001, 0., 0., 2.0972000000000002e-005, 0., 7.1005199999999997e-004, 0., 1.4979999999999999e-001, 0., 4.1165040000000000e-003, -7.1005199999999997e-004, 0., 0., 0., 1.4979999999999999e-001};
static const casadi_real casadi_c38[36] = {1., 0., 0., 0., -2.2749999999999999e-002, -3.4000000000000002e-002, 0., 1., 0., 2.2749999999999999e-002, 0., -5.8000000000000003e-002, 0., 0., 1., 3.4000000000000002e-002, 5.8000000000000003e-002, 0., 0., 0., 0., 1., 0., 0., 0., 0., 0., 0., 1., 0., 0., 0., 0., 0., 0., 1.};
static const casadi_real casadi_c39[36] = {3.7723524350000002e-005, -3.7933460000000001e-008, 2.1587450487000004e-004, 0., 1.2092410000000000e-003, 2.5220000000000002e-006, -3.7933460000000001e-008, 8.2689440728400000e-003, -5.4776999999999998e-009, -1.2092410000000000e-003, 0., -2.8245985000000001e-002, 2.1587450487000001e-004, -5.4776999999999998e-009, 8.2756816493700005e-003, -2.5220000000000002e-006, 2.8245985000000001e-002, 0., 0., -1.2092410000000000e-003, -2.5220000000000002e-006, 2.4469999999999997e-001, 0., 0., 1.2092410000000000e-003, 0., 2.8245985000000001e-002, 0., 2.4469999999999997e-001, 0., 2.5220000000000002e-006, -2.8245985000000001e-002, 0., 0., 0., 2.4469999999999997e-001};

/* fff:(i0[20],i1[20])->(o0[3]) */
static int casadi_f0(const casadi_real** arg, casadi_real** res, casadi_int* iw, casadi_real* w, int mem) {
  casadi_int i, j, k;
  casadi_real *rr, *ss, *tt;
  const casadi_real *cs;
  casadi_real *w0=w+6, *w1=w+42, *w2=w+78, *w3=w+114, *w4=w+150, *w5=w+186, *w6=w+222, *w7=w+258, *w8=w+294, *w9=w+330, *w10=w+366, *w11=w+402, *w12=w+438, w13, w14, w15, w16, w17, w18, *w19=w+464, w20, *w21=w+471, *w22=w+477, *w23=w+483, *w24=w+489, *w25=w+495, *w26=w+501, *w27=w+537, *w28=w+573, *w29=w+609, *w30=w+645, *w31=w+681, *w32=w+717, *w33=w+753, *w34=w+789, *w35=w+825, *w36=w+861, *w37=w+897, *w38=w+933, *w39=w+969, *w40=w+1005, *w41=w+1041, *w42=w+1077, *w43=w+1113, *w44=w+1149, *w45=w+1185, *w46=w+1221, *w47=w+1257, *w48=w+1293, *w49=w+1329, *w50=w+1365, *w51=w+1401, *w52=w+1437, *w53=w+1473, *w54=w+1509, *w55=w+1545, *w56=w+1581, *w57=w+1617, *w58=w+1653, *w59=w+1689, *w60=w+1725, *w61=w+1761, *w62=w+1797, *w63=w+1833, *w64=w+1869, *w65=w+1905, *w66=w+1941, *w67=w+1977, *w68=w+2013, *w69=w+2049, *w70=w+2085, *w71=w+2121, *w72=w+2157, *w73=w+2193, *w74=w+2229, w75, *w76=w+2266, *w77=w+2302, *w78=w+2338;
  /* #0: @0 = zeros(6x6) */
  casadi_clear(w0, 36);
  /* #1: @1 = zeros(6x6) */
  casadi_clear(w1, 36);
  /* #2: @2 = 
  [[1, 0, 0, 0, 0, 0], 
   [0, 1, 0, 0, 0, 0], 
   [0, 0, 1, 0, 0, 0], 
   [0, 0, 0, 1, 0, 0], 
   [0, 0, 0, 0, 1, 0], 
   [0, 0, 0, 0, 0, 1]] */
  casadi_copy(casadi_c0, 36, w2);
  /* #3: @3 = zeros(6x6) */
  casadi_clear(w3, 36);
  /* #4: @4 = zeros(6x6) */
  casadi_clear(w4, 36);
  /* #5: @5 = 
  [[1, 0, 0, 0, 0, 0], 
   [0, 1, 0, 0, 0, 0], 
   [0, 0, 1, 0, 0, 0], 
   [0, 0, 0, 1, 0, 0], 
   [0, 0, 0, 0, 1, 0], 
   [0, 0, 0, 0, 0, 1]] */
  casadi_copy(casadi_c0, 36, w5);
  /* #6: @6 = zeros(6x6) */
  casadi_clear(w6, 36);
  /* #7: @7 = zeros(6x6) */
  casadi_clear(w7, 36);
  /* #8: @8 = 
  [[1, 0, 0, 0, 0, 0], 
   [0, 1, 0, 0, 0, 0], 
   [0, 0, 1, 0, 0, 0], 
   [0, 0, 0, 1, 0, 0], 
   [0, 0, 0, 0, 1, 0], 
   [0, 0, 0, 0, 0, 1]] */
  casadi_copy(casadi_c0, 36, w8);
  /* #9: @9 = zeros(6x6) */
  casadi_clear(w9, 36);
  /* #10: @10 = zeros(6x6) */
  casadi_clear(w10, 36);
  /* #11: @11 = zeros(6x6) */
  casadi_clear(w11, 36);
  /* #12: @12 = input[0][0] */
  casadi_copy(arg[0], 20, w12);
  /* #13: @13 = @12[3] */
  for (rr=(&w13), ss=w12+3; ss!=w12+4; ss+=1) *rr++ = *ss;
  /* #14: @14 = cos(@13) */
  w14 = cos( w13 );
  /* #15: @13 = sin(@13) */
  w13 = sin( w13 );
  /* #16: @15 = 0 */
  w15 = 0.;
  /* #17: @16 = 0 */
  w16 = 0.;
  /* #18: @17 = 0 */
  w17 = 0.;
  /* #19: @18 = 0 */
  w18 = 0.;
  /* #20: @19 = horzcat(@14, @13, @15, @16, @17, @18) */
  rr=w19;
  *rr++ = w14;
  *rr++ = w13;
  *rr++ = w15;
  *rr++ = w16;
  *rr++ = w17;
  *rr++ = w18;
  /* #21: @19 = @19' */
  /* #22: @15 = (-@13) */
  w15 = (- w13 );
  /* #23: @16 = 0 */
  w16 = 0.;
  /* #24: @17 = 0 */
  w17 = 0.;
  /* #25: @18 = 0 */
  w18 = 0.;
  /* #26: @20 = 0 */
  w20 = 0.;
  /* #27: @21 = horzcat(@15, @14, @16, @17, @18, @20) */
  rr=w21;
  *rr++ = w15;
  *rr++ = w14;
  *rr++ = w16;
  *rr++ = w17;
  *rr++ = w18;
  *rr++ = w20;
  /* #28: @21 = @21' */
  /* #29: @22 = [[0, 0, 1, 0, 0, 0]] */
  casadi_copy(casadi_c1, 6, w22);
  /* #30: @22 = @22' */
  /* #31: @15 = 0 */
  w15 = 0.;
  /* #32: @16 = 0 */
  w16 = 0.;
  /* #33: @17 = 0 */
  w17 = 0.;
  /* #34: @18 = 0 */
  w18 = 0.;
  /* #35: @23 = horzcat(@15, @16, @17, @14, @13, @18) */
  rr=w23;
  *rr++ = w15;
  *rr++ = w16;
  *rr++ = w17;
  *rr++ = w14;
  *rr++ = w13;
  *rr++ = w18;
  /* #36: @23 = @23' */
  /* #37: @15 = 0 */
  w15 = 0.;
  /* #38: @16 = 0 */
  w16 = 0.;
  /* #39: @17 = 0 */
  w17 = 0.;
  /* #40: @13 = (-@13) */
  w13 = (- w13 );
  /* #41: @18 = 0 */
  w18 = 0.;
  /* #42: @24 = horzcat(@15, @16, @17, @13, @14, @18) */
  rr=w24;
  *rr++ = w15;
  *rr++ = w16;
  *rr++ = w17;
  *rr++ = w13;
  *rr++ = w14;
  *rr++ = w18;
  /* #43: @24 = @24' */
  /* #44: @25 = [[0, 0, 0, 0, 0, 1]] */
  casadi_copy(casadi_c2, 6, w25);
  /* #45: @25 = @25' */
  /* #46: @26 = horzcat(@19, @21, @22, @23, @24, @25) */
  rr=w26;
  for (i=0, cs=w19; i<6; ++i) *rr++ = *cs++;
  for (i=0, cs=w21; i<6; ++i) *rr++ = *cs++;
  for (i=0, cs=w22; i<6; ++i) *rr++ = *cs++;
  for (i=0, cs=w23; i<6; ++i) *rr++ = *cs++;
  for (i=0, cs=w24; i<6; ++i) *rr++ = *cs++;
  for (i=0, cs=w25; i<6; ++i) *rr++ = *cs++;
  /* #47: @27 = @26' */
  for (i=0, rr=w27, cs=w26; i<6; ++i) for (j=0; j<6; ++j) rr[i+j*6] = *cs++;
  /* #48: @26 = 
  [[1, 0, 0, 0, 0, 0], 
   [0, 1, 0, 0, 0, 0], 
   [0, 0, 1, 0, 0, 0], 
   [0, 0, 0, 1, 0, 0], 
   [0, 0, 0, 0, 1, 0], 
   [0, 0, 0, 0, 0, 1]] */
  casadi_copy(casadi_c0, 36, w26);
  /* #49: @11 = mac(@27,@26,@11) */
  for (i=0, rr=w11; i<6; ++i) for (j=0; j<6; ++j, ++rr) for (k=0, ss=w27+j, tt=w26+i*6; k<6; ++k) *rr += ss[k*6]**tt++;
  /* #50: @27 = @11' */
  for (i=0, rr=w27, cs=w11; i<6; ++i) for (j=0; j<6; ++j) rr[i+j*6] = *cs++;
  /* #51: @26 = zeros(6x6) */
  casadi_clear(w26, 36);
  /* #52: @28 = zeros(6x6) */
  casadi_clear(w28, 36);
  /* #53: @29 = zeros(6x6) */
  casadi_clear(w29, 36);
  /* #54: @15 = @12[4] */
  for (rr=(&w15), ss=w12+4; ss!=w12+5; ss+=1) *rr++ = *ss;
  /* #55: @16 = cos(@15) */
  w16 = cos( w15 );
  /* #56: @17 = 0 */
  w17 = 0.;
  /* #57: @15 = sin(@15) */
  w15 = sin( w15 );
  /* #58: @13 = (-@15) */
  w13 = (- w15 );
  /* #59: @14 = 0 */
  w14 = 0.;
  /* #60: @18 = 0 */
  w18 = 0.;
  /* #61: @20 = 0 */
  w20 = 0.;
  /* #62: @19 = horzcat(@16, @17, @13, @14, @18, @20) */
  rr=w19;
  *rr++ = w16;
  *rr++ = w17;
  *rr++ = w13;
  *rr++ = w14;
  *rr++ = w18;
  *rr++ = w20;
  /* #63: @19 = @19' */
  /* #64: @21 = [[0, 1, 0, 0, 0, 0]] */
  casadi_copy(casadi_c3, 6, w21);
  /* #65: @21 = @21' */
  /* #66: @17 = 0 */
  w17 = 0.;
  /* #67: @13 = 0 */
  w13 = 0.;
  /* #68: @14 = 0 */
  w14 = 0.;
  /* #69: @18 = 0 */
  w18 = 0.;
  /* #70: @22 = horzcat(@15, @17, @16, @13, @14, @18) */
  rr=w22;
  *rr++ = w15;
  *rr++ = w17;
  *rr++ = w16;
  *rr++ = w13;
  *rr++ = w14;
  *rr++ = w18;
  /* #71: @22 = @22' */
  /* #72: @17 = 0 */
  w17 = 0.;
  /* #73: @13 = 0 */
  w13 = 0.;
  /* #74: @14 = 0 */
  w14 = 0.;
  /* #75: @18 = 0 */
  w18 = 0.;
  /* #76: @20 = (-@15) */
  w20 = (- w15 );
  /* #77: @23 = horzcat(@17, @13, @14, @16, @18, @20) */
  rr=w23;
  *rr++ = w17;
  *rr++ = w13;
  *rr++ = w14;
  *rr++ = w16;
  *rr++ = w18;
  *rr++ = w20;
  /* #78: @23 = @23' */
  /* #79: @24 = [[0, 0, 0, 0, 1, 0]] */
  casadi_copy(casadi_c4, 6, w24);
  /* #80: @24 = @24' */
  /* #81: @17 = 0 */
  w17 = 0.;
  /* #82: @13 = 0 */
  w13 = 0.;
  /* #83: @14 = 0 */
  w14 = 0.;
  /* #84: @18 = 0 */
  w18 = 0.;
  /* #85: @25 = horzcat(@17, @13, @14, @15, @18, @16) */
  rr=w25;
  *rr++ = w17;
  *rr++ = w13;
  *rr++ = w14;
  *rr++ = w15;
  *rr++ = w18;
  *rr++ = w16;
  /* #86: @25 = @25' */
  /* #87: @30 = horzcat(@19, @21, @22, @23, @24, @25) */
  rr=w30;
  for (i=0, cs=w19; i<6; ++i) *rr++ = *cs++;
  for (i=0, cs=w21; i<6; ++i) *rr++ = *cs++;
  for (i=0, cs=w22; i<6; ++i) *rr++ = *cs++;
  for (i=0, cs=w23; i<6; ++i) *rr++ = *cs++;
  for (i=0, cs=w24; i<6; ++i) *rr++ = *cs++;
  for (i=0, cs=w25; i<6; ++i) *rr++ = *cs++;
  /* #88: @31 = @30' */
  for (i=0, rr=w31, cs=w30; i<6; ++i) for (j=0; j<6; ++j) rr[i+j*6] = *cs++;
  /* #89: @30 = 
  [[1, 0, 0, 0, 0, 0], 
   [0, 1, 0, 0, 0, 0], 
   [0, 0, 1, 0, 0, 0], 
   [0, 0, 0, 1, 0, 0], 
   [0, 0, 0, 0, 1, 0], 
   [0, 0, 0, 0, 0, 1]] */
  casadi_copy(casadi_c0, 36, w30);
  /* #90: @29 = mac(@31,@30,@29) */
  for (i=0, rr=w29; i<6; ++i) for (j=0; j<6; ++j, ++rr) for (k=0, ss=w31+j, tt=w30+i*6; k<6; ++k) *rr += ss[k*6]**tt++;
  /* #91: @31 = @29' */
  for (i=0, rr=w31, cs=w29; i<6; ++i) for (j=0; j<6; ++j) rr[i+j*6] = *cs++;
  /* #92: @30 = zeros(6x6) */
  casadi_clear(w30, 36);
  /* #93: @32 = zeros(6x6) */
  casadi_clear(w32, 36);
  /* #94: @33 = zeros(6x6) */
  casadi_clear(w33, 36);
  /* #95: @19 = [[1, 0, 0, 0, 0, 0]] */
  casadi_copy(casadi_c5, 6, w19);
  /* #96: @19 = @19' */
  /* #97: @17 = 0 */
  w17 = 0.;
  /* #98: @13 = @12[5] */
  for (rr=(&w13), ss=w12+5; ss!=w12+6; ss+=1) *rr++ = *ss;
  /* #99: @14 = cos(@13) */
  w14 = cos( w13 );
  /* #100: @13 = sin(@13) */
  w13 = sin( w13 );
  /* #101: @15 = 0 */
  w15 = 0.;
  /* #102: @18 = 0 */
  w18 = 0.;
  /* #103: @16 = 0 */
  w16 = 0.;
  /* #104: @21 = horzcat(@17, @14, @13, @15, @18, @16) */
  rr=w21;
  *rr++ = w17;
  *rr++ = w14;
  *rr++ = w13;
  *rr++ = w15;
  *rr++ = w18;
  *rr++ = w16;
  /* #105: @21 = @21' */
  /* #106: @17 = 0 */
  w17 = 0.;
  /* #107: @15 = (-@13) */
  w15 = (- w13 );
  /* #108: @18 = 0 */
  w18 = 0.;
  /* #109: @16 = 0 */
  w16 = 0.;
  /* #110: @20 = 0 */
  w20 = 0.;
  /* #111: @22 = horzcat(@17, @15, @14, @18, @16, @20) */
  rr=w22;
  *rr++ = w17;
  *rr++ = w15;
  *rr++ = w14;
  *rr++ = w18;
  *rr++ = w16;
  *rr++ = w20;
  /* #112: @22 = @22' */
  /* #113: @23 = [[0, 0, 0, 1, 0, 0]] */
  casadi_copy(casadi_c6, 6, w23);
  /* #114: @23 = @23' */
  /* #115: @17 = 0 */
  w17 = 0.;
  /* #116: @15 = 0 */
  w15 = 0.;
  /* #117: @18 = 0 */
  w18 = 0.;
  /* #118: @16 = 0 */
  w16 = 0.;
  /* #119: @24 = horzcat(@17, @15, @18, @16, @14, @13) */
  rr=w24;
  *rr++ = w17;
  *rr++ = w15;
  *rr++ = w18;
  *rr++ = w16;
  *rr++ = w14;
  *rr++ = w13;
  /* #120: @24 = @24' */
  /* #121: @17 = 0 */
  w17 = 0.;
  /* #122: @15 = 0 */
  w15 = 0.;
  /* #123: @18 = 0 */
  w18 = 0.;
  /* #124: @16 = 0 */
  w16 = 0.;
  /* #125: @13 = (-@13) */
  w13 = (- w13 );
  /* #126: @25 = horzcat(@17, @15, @18, @16, @13, @14) */
  rr=w25;
  *rr++ = w17;
  *rr++ = w15;
  *rr++ = w18;
  *rr++ = w16;
  *rr++ = w13;
  *rr++ = w14;
  /* #127: @25 = @25' */
  /* #128: @34 = horzcat(@19, @21, @22, @23, @24, @25) */
  rr=w34;
  for (i=0, cs=w19; i<6; ++i) *rr++ = *cs++;
  for (i=0, cs=w21; i<6; ++i) *rr++ = *cs++;
  for (i=0, cs=w22; i<6; ++i) *rr++ = *cs++;
  for (i=0, cs=w23; i<6; ++i) *rr++ = *cs++;
  for (i=0, cs=w24; i<6; ++i) *rr++ = *cs++;
  for (i=0, cs=w25; i<6; ++i) *rr++ = *cs++;
  /* #129: @35 = @34' */
  for (i=0, rr=w35, cs=w34; i<6; ++i) for (j=0; j<6; ++j) rr[i+j*6] = *cs++;
  /* #130: @34 = 
  [[1, 0, 0, 0, 0, 0], 
   [0, 1, 0, 0, 0, 0], 
   [0, 0, 1, 0, 0, 0], 
   [0, 0, 0, 1, 0, 0], 
   [0, 0, 0, 0, 1, 0], 
   [0, 0, 0, 0, 0, 1]] */
  casadi_copy(casadi_c0, 36, w34);
  /* #131: @33 = mac(@35,@34,@33) */
  for (i=0, rr=w33; i<6; ++i) for (j=0; j<6; ++j, ++rr) for (k=0, ss=w35+j, tt=w34+i*6; k<6; ++k) *rr += ss[k*6]**tt++;
  /* #132: @35 = @33' */
  for (i=0, rr=w35, cs=w33; i<6; ++i) for (j=0; j<6; ++j) rr[i+j*6] = *cs++;
  /* #133: @34 = zeros(6x6) */
  casadi_clear(w34, 36);
  /* #134: @36 = zeros(6x6) */
  casadi_clear(w36, 36);
  /* #135: @37 = 
  [[1, 0, 0, 0, 0, 0], 
   [0, 1, 0, 0, 0, 0], 
   [0, 0, 1, 0, 0, 0], 
   [0, 0, 0, 1, 0, 0], 
   [0, 0, 0, 0, 1, 0], 
   [0, 0, 0, 0, 0, 1]] */
  casadi_copy(casadi_c0, 36, w37);
  /* #136: @38 = 
  [[0.0941599, -0.000168308, -0.0150277, 0, -0.293475, 0.00357418], 
   [-0.000168308, 0.0840709, -0.000515542, 0.293475, 0, -0.523318], 
   [-0.0150277, -0.000515542, 0.112773, -0.00357418, 0.523318, 0], 
   [0, 0.293475, -0.00357418, 10.33, 0, 0], 
   [-0.293475, 0, 0.523318, 0, 10.33, 0], 
   [0.00357418, -0.523318, 0, 0, 0, 10.33]] */
  casadi_copy(casadi_c7, 36, w38);
  /* #137: @39 = zeros(6x6) */
  casadi_clear(w39, 36);
  /* #138: @40 = zeros(6x6) */
  casadi_clear(w40, 36);
  /* #139: @41 = zeros(6x6) */
  casadi_clear(w41, 36);
  /* #140: @17 = @12[13] */
  for (rr=(&w17), ss=w12+13; ss!=w12+14; ss+=1) *rr++ = *ss;
  /* #141: @15 = cos(@17) */
  w15 = cos( w17 );
  /* #142: @17 = sin(@17) */
  w17 = sin( w17 );
  /* #143: @18 = 0 */
  w18 = 0.;
  /* #144: @16 = 0 */
  w16 = 0.;
  /* #145: @13 = 0 */
  w13 = 0.;
  /* #146: @14 = 0 */
  w14 = 0.;
  /* #147: @19 = horzcat(@15, @17, @18, @16, @13, @14) */
  rr=w19;
  *rr++ = w15;
  *rr++ = w17;
  *rr++ = w18;
  *rr++ = w16;
  *rr++ = w13;
  *rr++ = w14;
  /* #148: @19 = @19' */
  /* #149: @18 = (-@17) */
  w18 = (- w17 );
  /* #150: @16 = 0 */
  w16 = 0.;
  /* #151: @13 = 0 */
  w13 = 0.;
  /* #152: @14 = 0 */
  w14 = 0.;
  /* #153: @20 = 0 */
  w20 = 0.;
  /* #154: @21 = horzcat(@18, @15, @16, @13, @14, @20) */
  rr=w21;
  *rr++ = w18;
  *rr++ = w15;
  *rr++ = w16;
  *rr++ = w13;
  *rr++ = w14;
  *rr++ = w20;
  /* #155: @21 = @21' */
  /* #156: @22 = [[0, 0, 1, 0, 0, 0]] */
  casadi_copy(casadi_c1, 6, w22);
  /* #157: @22 = @22' */
  /* #158: @18 = 0 */
  w18 = 0.;
  /* #159: @16 = 0 */
  w16 = 0.;
  /* #160: @13 = 0 */
  w13 = 0.;
  /* #161: @14 = 0 */
  w14 = 0.;
  /* #162: @23 = horzcat(@18, @16, @13, @15, @17, @14) */
  rr=w23;
  *rr++ = w18;
  *rr++ = w16;
  *rr++ = w13;
  *rr++ = w15;
  *rr++ = w17;
  *rr++ = w14;
  /* #163: @23 = @23' */
  /* #164: @18 = 0 */
  w18 = 0.;
  /* #165: @16 = 0 */
  w16 = 0.;
  /* #166: @13 = 0 */
  w13 = 0.;
  /* #167: @17 = (-@17) */
  w17 = (- w17 );
  /* #168: @14 = 0 */
  w14 = 0.;
  /* #169: @24 = horzcat(@18, @16, @13, @17, @15, @14) */
  rr=w24;
  *rr++ = w18;
  *rr++ = w16;
  *rr++ = w13;
  *rr++ = w17;
  *rr++ = w15;
  *rr++ = w14;
  /* #170: @24 = @24' */
  /* #171: @25 = [[0, 0, 0, 0, 0, 1]] */
  casadi_copy(casadi_c2, 6, w25);
  /* #172: @25 = @25' */
  /* #173: @42 = horzcat(@19, @21, @22, @23, @24, @25) */
  rr=w42;
  for (i=0, cs=w19; i<6; ++i) *rr++ = *cs++;
  for (i=0, cs=w21; i<6; ++i) *rr++ = *cs++;
  for (i=0, cs=w22; i<6; ++i) *rr++ = *cs++;
  for (i=0, cs=w23; i<6; ++i) *rr++ = *cs++;
  for (i=0, cs=w24; i<6; ++i) *rr++ = *cs++;
  for (i=0, cs=w25; i<6; ++i) *rr++ = *cs++;
  /* #174: @43 = @42' */
